0	1	1	0	1	2	3	4	5	6	7	8	9	10	11	12	13	14	15	16	17
1	1	1	18	19	20	21	22	23	24	25	26	27	28	29	30	31	32	33
2	1	1	34	35	36	37	38	39	40	41	42	43	44	45	46
3	1	1	47	48	49	50	51	52	53	54	55	56	57	58	59	60	61	62	63
4	1	1	64	65	66	67	68	69	70	71	72	73	74	75	76	77	78	79	80	81	82	83
5	2	2	84	85	86	87	88	89	90	91	92	93	94	95	96	97
6	2	2	98	99	100	101	102	103	104	105	106	107	108	109	110	111	112
7	2	2	113	114	115	116	117	118	119	120	121	122	123	124	125	126	127	128	129	130	131	132	133
8	2	2	134	135	136	137	138	139	140	141	142	143	144	145
9	2	2	146	147	148	149	150	151	152	153	154	155	156	157	158	159	160	161	162	163	164
10	2	2	165	166	167	168	169	170	171	172	173	174	175	176	177	178	179	180	181	182
11	2	2	183	184	185	186	187	188	189	190	191	192	193	194	195	196	197
12	2	2	198	199	200	201	202	203	204	205	206	207	208	209	210	211	212	213
13	2	2	214	215	216	217	218	219	220	221	222	223	224	225
14	2	2	226	227	228	229	230	231	232	233	234	235	236	237	238	239	240	241	242	243	244	245	246
15	2	2	247	248	249	250	251	252	253	254	255	256	257	258	259	260	261	262
16	2	2	263	264	265	266	267	268	269	270	271	272	273	274	275	276	277
17	2	2	278	279	280	281	282	283	284	285	286	287	288
18	2	2	289	290	291	292	293	294	295	296	297	298	299	300	301	302	303	304	305	306	307
19	2	2	308	309	310	311	312	313	314	315	316	317	318	319	320	321	322
20	2	2	323	324	325	326	327	328	329	330	331	332	333	334	335	336	337	338
21	2	2	339	340	341	342	343	344	345	346	347	348	349	350	351	352	353	354	355	356	357
22	2	2	358	359	360	361	362	363	364	365	366	367	368
23	2	2	369	370	371	372	373	374	375	376	377	378	379	380	381	382	383
24	2	2	384	385	386	387	388	389	390	391	392	393	394	395	396	397	398	399	400	401	402	403	404	405
25	2	2	406	407	408	409	410	411	412	413	414	415	416	417	418	419
26	2	2	420	421	422	423	424	425	426	427	428	429	430	431	432	433	434	435
27	2	2	436	437	438	439	440	441	442	443	444	445	446	447	448	449
28	2	2	450	451	452	453	454	455	456	457	458	459	460	461	462	463	464	465
29	2	2	466	467	468	469	470	471	472	473	474	475	476	477	478	479	480	481	482
30	2	2	483	484	485	486	487	488	489	490	491	492	493	494	495	496	497	498	499	500	501
31	2	2	502	503	504	505	506	507	508	509	510	511	512	513	514
32	2	2	515	516	517	518	519	520	521	522	523	524	525	526	527	528	529	530	531
33	2	2	532	533	534	535	536	537	538	539	540	541	542	543	544	545	546	547	548
34	2	2	549	550	551	552	553	554	555	556	557	558	559	560	561	562	563	564	565	566	567
35	2	2	568	569	570	571	572	573	574	575	576	577	578
36	3	3	579	580	581	582	583	584	585	586	587	588	589	590	591	592	593	594	595	596
37	3	3	597	598	599	600	601	602	603	604	605	606	607	608	609	610
38	3	3	611	612	613	614	615	616	617	618	619	620
39	3	3	621	622	623	624	625	626	627	628	629	630	631	632	633	634	635	636	637
40	3	3	638	639	640	641	642	643	644	645	646	647	648	649	650	651
41	3	3	652	653	654	655	656	657	658	659	660	661	662	663	664	665	666	667
42	3	3	668	669	670	671	672	673	674	675	676	677	678	679	680	681	682	683	684	685
43	3	3	686	687	688	689	690	691	692	693	694	695	696	697
44	3	3	698	699	700	701	702	703	704	705	706	707	708	709	710	711	712	713
45	3	3	714	715	716	717	718	719	720	721	722	723	724	725
46	3	3	726	727	728	729	730	731	732	733	734	735	736	737	738	739	740	741
47	3	3	742	743	744	745	746	747	748	749	750	751	752	753	754	755	756	757	758
48	3	3	759	760	761	762	763	764	765	766	767	768	769	770	771
49	3	3	772	773	774	775	776	777	778	779	780	781
50	3	3	782	783	784	785	786	787	788	789	790	791	792	793	794	795	796
51	3	3	797	798	799	800	801	802	803	804	805	806	807	808	809	810	811	812	813
52	3	3	814	815	816	817	818	819	820	821	822	823	824	825
53	3	3	826	827	828	829	830	831	832	833	834	835	836	837
54	3	3	838	839	840	841	842	843	844	845	846	847	848	849	850
55	3	3	851	852	853	854	855	856	857	858	859	860	861
56	3	3	862	863	864	865	866	867	868	869	870	871	872	873	874	875	876
57	3	3	877	878	879	880	881	882	883	884	885	886
58	3	3	887	888	889	890	891	892	893	894	895	896
59	3	3	897	898	899	900	901	902	903	904	905	906	907	908	909	910	911
60	3	3	912	913	914	915	916	917	918	919	920
61	3	3	921	922	923	924	925	926	927	928	929	930	931	932	933	934	935	936
62	3	3	937	938	939	940	941	942	943	944	945	946	947	948	949	950	951	952	953	954	955	956
63	3	3	957	958	959	960	961	962	963	964	965	966
64	3	3	967	968	969	970	971	972	973	974	975	976	977
65	3	3	978	979	980	981	982	983	984	985	986	987	988	989
66	3	3	990	991	992	993	994	995	996	997	998	999	1000	1001	1002
67	3	3	1003	1004	1005	1006	1007	1008	1009	1010	1011	1012	1013
68	3	3	1014	1015	1016	1017	1018	1019	1020
69	3	3	1021	1022	1023	1024	1025	1026	1027	1028	1029	1030	1031	1032	1033
70	3	3	1034	1035	1036	1037	1038	1039	1040	1041	1042	1043	1044	1045	1046	1047	1048
71	3	3	1049	1050	1051	1052	1053	1054	1055	1056	1057	1058	1059	1060
72	3	3	1061	1062	1063	1064	1065	1066	1067	1068	1069	1070	1071	1072	1073	1074	1075	1076	1077	1078
73	3	3	1079	1080	1081	1082	1083	1084	1085	1086	1087	1088	1089
74	3	3	1090	1091	1092	1093	1094	1095	1096	1097	1098	1099	1100	1101	1102	1103	1104
75	3	3	1105	1106	1107	1108	1109	1110	1111	1112	1113	1114	1115	1116	1117	1118
76	3	3	1119	1120	1121	1122	1123	1124	1125	1126
77	3	3	1127	1128	1129	1130	1131	1132	1133	1134	1135	1136	1137
78	3	3	1138	1139	1140	1141	1142	1143	1144
79	3	3	1145	1146	1147	1148	1149	1150	1151	1152	1153	1154
80	3	3	1155	1156	1157	1158	1159	1160	1161	1162	1163	1164	1165
81	3	3	1166	1167	1168	1169	1170	1171	1172	1173	1174	1175	1176	1177	1178
82	3	3	1179	1180	1181	1182	1183	1184	1185	1186	1187	1188	1189	1190	1191
83	3	3	1192	1193	1194	1195	1196	1197	1198	1199	1200	1201	1202	1203	1204
84	3	3	1205	1206	1207	1208	1209	1210	1211	1212	1213	1214	1215	1216	1217	1218	1219	1220	1221
85	3	3	1222	1223	1224	1225	1226	1227	1228	1229	1230	1231	1232	1233	1234	1235	1236	1237
86	3	3	1238	1239	1240	1241	1242	1243	1244	1245	1246	1247	1248	1249	1250	1251	1252	1253	1254
87	3	3	1255	1256	1257	1258	1259	1260	1261	1262	1263
88	3	3	1264	1265	1266	1267	1268	1269	1270	1271	1272	1273	1274	1275	1276	1277	1278
89	3	3	1279	1280	1281	1282	1283	1284	1285	1286	1287	1288	1289	1290	1291
90	3	3	1292	1293	1294	1295	1296	1297	1298	1299	1300	1301	1302	1303	1304	1305
91	3	3	1306	1307	1308	1309	1310	1311	1312	1313	1314	1315	1316	1317	1318	1319	1320	1321
92	3	3	1322	1323	1324	1325	1326	1327	1328	1329	1330	1331	1332	1333	1334	1335	1336	1337
93	3	3	1338	1339	1340	1341	1342	1343	1344	1345	1346	1347	1348	1349	1350	1351	1352
94	4	4	1353	1354	1355	1356	1357	1358	1359	1360	1361	1362	1363	1364
95	4	4	1365	1366	1367	1368	1369	1370	1371	1372	1373	1374
96	4	4	1375	1376	1377	1378	1379	1380	1381	1382	1383	1384	1385
97	4	4	1386	1387	1388	1389	1390	1391	1392	1393	1394	1395
98	4	4	1396	1397	1398	1399	1400	1401	1402	1403	1404	1405	1406	1407
99	4	4	1408	1409	1410	1411	1412	1413	1414	1415	1416	1417	1418	1419	1420
100	4	4	1421	1422	1423	1424	1425	1426	1427	1428	1429
101	4	4	1430	1431	1432	1433	1434	1435	1436	1437	1438	1439	1440	1441	1442
102	4	4	1443	1444	1445	1446	1447	1448	1449	1450
103	4	4	1451	1452	1453	1454	1455	1456	1457	1458	1459	1460
104	4	4	1461	1462	1463	1464	1465	1466	1467	1468	1469	1470	1471	1472
105	4	4	1473	1474	1475	1476	1477	1478	1479	1480	1481	1482	1483	1484	1485
106	4	4	1486	1487	1488	1489	1490	1491	1492	1493	1494	1495	1496
107	4	4	1497	1498	1499	1500	1501	1502	1503	1504	1505	1506
108	4	4	1507	1508	1509	1510	1511	1512	1513	1514	1515	1516	1517	1518	1519
109	4	4	1520	1521	1522	1523	1524	1525	1526	1527	1528	1529	1530	1531	1532	1533
110	4	4	1534	1535	1536	1537	1538	1539	1540	1541	1542	1543	1544	1545
111	4	4	1546	1547	1548	1549	1550	1551	1552	1553	1554	1555	1556	1557
112	4	4	1558	1559	1560	1561	1562	1563	1564	1565	1566	1567
113	4	4	1568	1569	1570	1571	1572	1573	1574	1575	1576	1577
114	4	4	1578	1579	1580	1581	1582	1583	1584	1585	1586	1587
115	4	4	1588	1589	1590	1591	1592	1593	1594	1595	1596	1597	1598	1599	1600	1601	1602
116	4	4	1603	1604	1605	1606	1607	1608	1609	1610
117	4	4	1611	1612	1613	1614	1615	1616	1617	1618
118	4	4	1619	1620	1621	1622	1623	1624	1625	1626	1627
119	4	4	1628	1629	1630	1631	1632	1633	1634	1635	1636
120	4	4	1637	1638	1639	1640	1641	1642	1643	1644	1645	1646	1647	1648
121	4	4	1649	1650	1651	1652	1653	1654	1655	1656	1657
122	4	4	1658	1659	1660	1661	1662	1663	1664	1665	1666	1667	1668
123	4	4	1669	1670	1671	1672	1673	1674	1675	1676	1677	1678	1679	1680	1681
124	4	4	1682	1683	1684	1685	1686	1687	1688	1689	1690	1691
125	4	4	1692	1693	1694	1695	1696	1697	1698	1699
126	4	4	1700	1701	1702	1703	1704	1705	1706	1707	1708	1709	1710	1711
127	4	4	1712	1713	1714	1715	1716	1717	1718	1719	1720	1721
128	4	4	1722	1723	1724	1725	1726	1727	1728
129	4	4	1729	1730	1731	1732	1733	1734	1735	1736	1737
130	4	4	1738	1739	1740	1741	1742	1743	1744	1745	1746	1747
131	4	4	1748	1749	1750	1751	1752	1753	1754	1755	1756
132	4	4	1757	1758	1759	1760	1761	1762	1763	1764	1765	1766	1767
133	4	4	1768	1769	1770	1771	1772	1773	1774	1775	1776
134	4	4	1777	1778	1779	1780	1781	1782	1783	1784
135	4	4	1785	1786	1787	1788	1789	1790	1791	1792	1793	1794	1795	1796
136	4	4	1797	1798	1799	1800	1801	1802	1803	1804
137	4	4	1805	1806	1807	1808	1809	1810	1811	1812	1813	1814	1815	1816
138	4	4	1817	1818	1819	1820	1821	1822	1823	1824	1825	1826	1827
139	4	4	1828	1829	1830	1831	1832	1833	1834	1835	1836	1837
140	4	4	1838	1839	1840	1841	1842	1843	1844	1845	1846	1847	1848	1849
141	4	4	1850	1851	1852	1853	1854	1855	1856	1857	1858	1859	1860
142	4	4	1861	1862	1863	1864	1865	1866	1867	1868	1869	1870
143	4	4	1871	1872	1873	1874	1875	1876	1877	1878
144	4	4	1879	1880	1881	1882	1883	1884	1885	1886	1887	1888
145	4	4	1889	1890	1891	1892	1893	1894	1895	1896
146	4	4	1897	1898	1899	1900	1901	1902	1903	1904	1905	1906
147	4	4	1907	1908	1909	1910	1911	1912	1913	1914	1915	1916
148	4	4	1917	1918	1919	1920	1921	1922	1923	1924	1925	1926
149	4	4	1927	1928	1929	1930	1931	1932	1933	1934	1935	1936
150	4	4	1937	1938	1939	1940	1941	1942	1943	1944	1945	1946
151	4	4	1947	1948	1949	1950	1951	1952	1953	1954	1955	1956
152	4	4	1957	1958	1959	1960	1961	1962	1963	1964	1965
153	4	4	1966	1967	1968	1969	1970	1971	1972	1973	1974	1975
154	4	4	1976	1977	1978	1979	1980	1981	1982	1983	1984	1985	1986
155	4	4	1987	1988	1989	1990	1991	1992	1993	1994	1995	1996
156	4	4	1997	1998	1999	2000	2001	2002	2003	2004	2005	2006	2007	2008	2009
157	4	4	2010	2011	2012	2013	2014	2015	2016	2017	2018
158	4	4	2019	2020	2021	2022	2023	2024	2025	2026	2027	2028
159	4	4	2029	2030	2031	2032	2033	2034	2035	2036	2037	2038	2039	2040	2041
160	4	4	2042	2043	2044	2045	2046	2047	2048	2049	2050	2051
161	4	4	2052	2053	2054	2055	2056	2057	2058	2059	2060
162	4	4	2061	2062	2063	2064	2065	2066	2067	2068	2069	2070	2071	2072	2073	2074
163	4	4	2075	2076	2077	2078	2079	2080	2081	2082	2083	2084
164	4	4	2085	2086	2087	2088	2089	2090	2091	2092	2093	2094	2095	2096	2097	2098
165	4	4	2099	2100	2101	2102	2103	2104	2105	2106	2107	2108	2109
166	4	4	2110	2111	2112	2113	2114	2115	2116	2117	2118	2119	2120
167	4	4	2121	2122	2123	2124	2125	2126	2127	2128	2129	2130
168	4	4	2131	2132	2133	2134	2135	2136	2137	2138	2139	2140	2141
169	5	5	708	707	2142	2143	2144
170	5	5	2145	2146	481	480	2147
171	5	5	2148	2149	2150	2151	2152
172	5	5	2153	2154	2155	2156	2157	2158
173	5	5	2159	2160	2161	2162	2163	2164	2165	2166	2167
174	5	5	700	699	698	903	902	901	900	2168	2169	2170
175	5	5	1232	1231	1680	1679
176	5	5	1058	1057	1056	105	104	103	1353	1364	1363
177	5	5	61	60	59	2171	2172
178	5	5	2173	2174	2175	2176	2177	970	969
179	5	5	2178	2179	2180	2181	2182
180	5	5	703	702	701	2183	2184	2185	2186
181	5	5	2187	2188	2189	2190	2191	2192
182	5	5	2193	2194	891	890	889	888	2195	2196
183	5	5	686	697	696	2197	2198	764	763	762	761	2199	2200
184	5	5	110	109	108	107	2201	1096	1095	1094	2202
185	5	5	2203	2204	2205	928	927
186	5	5	2206	2207	2208	2209	2210
187	5	5	2211	314	313	312	311	2212
188	5	5	2213	2214	2215	963	962	961	2216	2217	2218
189	5	5	2219	2220	2221	2222	2223
190	5	5	2224	2225	2226	2227	2228
191	5	5	240	239	238	2229	2230
192	5	5	2220	2231	2232	2233	2234	2235	2236	2221
193	5	5	2237	2226	2225	2238	2239	2240	2241	2242
194	5	5	2243	2244	2245	2246
195	5	5	2247	2248	2249	595	594
196	5	5	2250	2251	2252	2253	2254	2255
197	5	5	2256	2257	2258
198	5	5	2259	2260	641	640
199	5	5	1664	1663	1662	1661	2202	1094	1093	1092	2261
200	5	5	2262	1075	1074	2263	2264
201	5	5	949	948	2265	200	199	198	2266
202	5	5	696	695	694	693	2267	2268	860	859	858	2197
203	5	5	683	682	681	340	339	2269
204	5	5	1736	1735	1734	2270	2271	2272	2273
205	5	5	701	700	2170	2274	2275	2183
206	5	5	1748	1756	1755	1754	2276	1884	1883	1882	1881	1880	2277	2278	2279
207	5	5	2280	2281	2282	2283	2284	2285
208	5	5	204	203	2286	2287	2288
209	5	5	648	647	646	69	68	2289
210	5	5	1038	1037	2290	2291	2292	2293
211	5	5	2294	1877	1876	1875	2295	773	772	2296
212	5	5	2297	2298	2299	158	157	156
213	5	5	2300	2301	2302	2303
214	5	5	2304	2305	2306	2307
215	5	5	367	366	2308	2309	2310
216	5	5	1600	1599	1598	1597	1596	2311	176	175	174	2312	2313
217	5	5	820	819	818	2314	2315	1850	1860	1859
218	5	5	1251	1250	2316	2317	2318	2319	2320
219	5	5	971	970	2177	2321
220	5	5	2322	131	130	129	2323	2324	2325
221	5	5	452	451	2326	2327	2328
222	5	5	2329	2330	2331	2332	2333	375	374	1428	1427	1426	1425	2334
223	5	5	2335	2336	2337	2338	2339	2340
224	5	5	152	151	2341	1331	1330
225	5	5	2342	2343	2344	2345
226	5	5	1477	1476	2346	2347	2348	2349
227	5	5	2350	2351	2352	2353	2354	2355
228	5	5	377	376	375	2333	2356	2357	2358
229	5	5	2359	2360	2361	2362
230	5	5	2363	2364	2365	2366	2367	2368
231	5	5	2090	2089	2369	1488	1487	1486	2370	2371
232	5	5	557	556	2372	2373	2374	2375
233	5	5	1661	1660	2376	111	110	2202
234	5	5	1734	1733	2377	2270
235	5	5	2378	2379	2380	2381	2240	2239
236	5	5	872	871	2382	2383
237	5	5	945	944	2384
238	5	5	927	926	2385	2386	2387	2302	2301	2203
239	5	5	2388	2389	2390	2391	2392
240	5	5	2322	2393	132	131
241	5	5	2394	2395	954	953	952	2396	2397	2398
242	5	5	1021	1033	1032	2399	2400	2401	2402
243	5	5	2403	2404	2405	2406
244	5	5	1317	1316	2407	2408	2409	2410
245	5	5	643	642	641	2260	2411	2412	2413
246	5	5	2414	2415	635	634
247	5	5	1927	1936	1935	1934	1933	2416	587	586	2417	2418
248	5	5	2419	2420	2421	2422	2423	2424
249	5	5	560	559	558	557	2375	2425	2426
250	5	5	2427	2428	500	499
251	5	5	629	628	2429	2430	754	753	752	2431	2432
252	5	5	193	192	2433	2434	2435
253	5	5	2436	1246	1245	1244	1300	1299	1298	1297	2116	2115	2114
254	5	5	2437	2438	2252	2251
255	5	5	1158	1157	1156	1551	1550	1549	1548	2439	2440	2441	2442
256	5	5	2443	2275	2274	2444	2445	2446
257	5	5	426	425	2447	2448	1323	1322
258	5	5	2449	2450	2451	1730	1729	1737	1736	2273	2452
259	5	5	1203	1202	1114	1113	1112	2453
260	5	5	2454	2455	2456	2457	2458	1720	1719	1718	1717	2459
261	5	5	2193	1898	1897	1906	1905	2460	2194
262	5	5	2461	2462	2463
263	5	5	2464	2465	2466	2467
264	5	5	52	51	50	49	2468	98	112	111	2376	2469
265	5	5	806	805	804	803	2420	2419	2470
266	5	5	2471	2472	2473	1	0	17	16	1006	1005	1004	2474	1086	1085	1084	1083
267	5	5	723	722	2475	1369	1368	1367	1366	2476	2477
268	5	5	2478	2479	2480	2481
269	5	5	2482	2483	2484	2485	2486	2487
270	5	5	2488	2489	1390	1389	1388	1387	2490	1846	1845
271	5	5	2491	2492	2493	2494
272	5	5	533	532	2495	2496
273	5	5	2068	2067	2066	2065	2064	2497	2498	2499	2500	2501
274	5	5	636	635	2415	2502	2503
275	5	5	2504	2461	2463	2505	2506	2507	2508
276	5	5	2509	2510	2511	2512	2513
277	5	5	1468	1467	1466	1465	2286	203	202	201	200	2265	2514	2515
278	5	5	2274	2170	2169	2516	2444
279	5	5	2517	2518	1131	1130	1129	1128	2519	2076	2075	2084	2083
280	5	5	1207	1206	2520	2521	2071	2070	2069	2068	2501
281	5	5	2386	2385	2428	2427
282	5	5	2522	2523	2355	2354
283	5	5	378	377	2358	2524	2525	2526
284	5	5	1606	1605	1604	1603	1610	1609	2527	2528	2529	2530	2531	2532	2533
285	5	5	673	672	671	670	669	2534	2535	2536	2537	2538
286	5	5	2539	2540	1571	1570	1569	1568	1577	1576	295	294	2541	2542	862	876	875
287	5	5	2543	2544	2545	2546	2214	2213	2547
288	5	5	249	248	247	32	31	30	2548	1222	1237	1236
289	5	5	2549	2550	787	786
290	5	5	2551	1333	1332	1331	2341	2552
291	5	5	1674	1673	2346	1476	1475	1474
292	5	5	1540	1539	1538	2553	2554	1511	1510	1509
293	5	5	2555	2235	2234	402	401
294	5	5	2556	2557	2276	1754	1753	1752	2395	2394	2558
295	5	5	2559	2560	2561	2562
296	5	5	2563	2564	2565	2250	2255
297	5	5	2096	2095	2566	2567	2568
298	5	5	585	584	583	2569	2570	2571	2572
299	5	5	2573	2574	2575	2576	2577
300	5	5	1163	1162	2578	2579	2580	1530	1529	1528
301	5	5	2581	2582	2583	54	53
302	5	5	680	679	2584	2585	2586
303	5	5	1128	1127	2587	2588	1471	1470	2519
304	5	5	2254	2253	2588	2587	2589
305	5	5	2590	2591	2592	2593	2594	2595
306	5	5	573	572	571	553	552	551	2596	759	771	770	769	768	2597	2598
307	5	5	1932	1931	1930	1929	2599	2600	2601	2602	2603	2604
308	5	5	739	738	737	11	10
309	5	5	1399	1398	1397	1396	2325	2324	2605
310	5	5	2606	2607	2608	2445	2444	2516	2609
311	5	5	2610	2611	6	5	4	2612	655	654	653
312	5	5	2601	2613	2614	2615	2616	2602
313	5	5	1047	1046	1045	2617	2566	2095	2094
314	5	5	250	249	1236	1235
315	5	5	2145	2378	2239	2238	2618	2146
316	5	5	358	368	367	2310	2442	2441	2619	2620
317	5	5	737	736	735	221	220	219	13	12	11
318	5	5	2621	2622	2623	2624	2625	2626
319	5	5	418	417	416	2056	2055	2054	2627	2628
320	5	5	2536	2629	2537
321	5	5	2126	2125	2124	2630	2631	2632	2633
322	5	5	324	323	2634	2635	2636
323	5	5	206	205	204	2288	1654	1653	1652	668	685	684	2637
324	5	5	153	152	1330	1329
325	5	5	2521	2520	1205	1221	1220	2638	2639	2640	2641
326	5	5	2592	1635	1634	1633	2642	2643	2593
327	5	5	2644	2508	2507	782	796	795	794	94	93	92	1821	1820	1819	1818	2645
328	5	5	2646	2647	2648	2649	2650	2651	2652
329	5	5	2653	2654	2655	2656	2657
330	5	5	992	991	990	2658	2659	2660	369	383	382	381
331	5	5	2661	2662	2663	2664
332	5	5	2665	2666	2421	2420	803	802	801	2667
333	5	5	2668	2669	2149	2148
334	5	5	1673	1672	1671	1670	2670	2671	2347	2346
335	5	5	70	69	646	645	2672
336	5	5	2008	2007	2673	2674	2675	2676
337	5	5	171	170	2307	2306	1521	1520	1533	1532
338	5	5	2677	2678	792	791	790	2679	2680	2681
339	5	5	2682	2683	2684	2685
340	5	5	2686	2687	2688	2689	2690	2691	2692
341	5	5	1056	1055	1054	1053	2693	2201	107	106	105
342	5	5	751	750	2694	2695
343	5	5	881	880	1647	1646	1645	2696
344	5	5	2327	2326	2697	2698	932	931	930	929	2699	2700
345	5	5	75	74	2701	2702	2703	2704
346	5	5	2705	2706	2243	2246	2707
347	5	5	2124	2123	2122	119	118	117	116	2630
348	5	5	493	492	2708	2709	2710	2711
349	5	5	1079	1089	1088	535	534	533	2496	2712
350	5	5	2713	2714	2471	1083	1082	1081	1080	2715
351	5	5	2716	2717	2718	2719	2720	2721
352	5	5	959	958	957	2722	361	360	359	2723
353	5	5	2724	2725	2726	2727	2728	334	333
354	5	5	940	939	2729	2730	2731
355	5	5	735	734	2732	2733	223	222	221
356	5	5	2734	2735	2736	2737
357	5	5	2738	2739	2740	2741	2742	2743
358	5	5	422	421	2744	2745	2391	2390
359	5	5	276	275	659	658
360	5	5	742	758	757	2746	2477	2476	58	57	56
361	5	5	1964	1963	1962	2747	2748	2632	2631
362	5	5	497	496	495	2749	22	21	20	2037	2036	2035	2034	2033
363	5	5	2728	2727	2750	2751	2752	2753
364	5	5	65	64	2754	245	244
365	5	5	2755	2756	2757	2758	2759	2760
366	5	5	1972	1971	1970	1969	2761	2762	2763	2764
367	5	5	752	751	2695	2765	2766	2431
368	5	5	1464	1463	2438	2437	2767	2768
369	5	5	871	870	869	530	529	528	2769	2382
370	5	5	2770	2771	2772	2291	2290
371	5	5	948	947	946	2103	2102	2101	2100	2773	2774	2514	2265
372	5	5	2000	1999	2775	2776
373	5	5	532	548	547	546	2777	2778	577	576	575	574	2598	2597	2779	2780	2495
374	5	5	2758	2781	2782	2783	2784	2785	2759
375	5	5	1360	1359	2663	2662	2786
376	5	5	464	463	2560	2559	2787
377	5	5	2788	2789	2790	2791	2792
378	5	5	1628	1636	1635	2592	2591	2492	2491	2793
379	5	5	2794	2795	2796	2398	2397	2797	2798
380	5	5	2164	2163	631	630	629	2432
381	5	5	2799	270	269	268	181	180	179
382	5	5	2513	2512	2362	2361	2210	2209	2800
383	5	5	2801	2802	2803	2804	1107	1106	1105
384	5	5	1789	1788	1787	2805	2806	2331	2330	2807
385	5	5	2719	2718	2357	2356	2808
386	5	5	1772	1771	1770	2781	2758	2757	2137	2136	2135	2134	2809
387	5	5	1500	1499	1498	2810	2811	2812
388	5	5	2810	2813	2814	2478	2481	2815	2811
389	5	5	2713	2816	2817	2818	2714
390	5	5	2819	2820	234	233	2821	1181	1180	1179	2822
391	5	5	2823	2824	2825	2826	2827
392	5	5	2828	2829	2830	2831	2832
393	5	5	2833	2834	2835	2836
394	5	5	2837	2838	2839	2160	2159
395	5	5	1285	1284	1283	2840	478	477	476	2841	2842
396	5	5	264	263	277	276	658	657	656	2612	4	3	2	1	2473
397	5	5	2843	2844	2845	2156	2155	2846	2847
398	5	5	2646	2848	2849	1914	1913	1912	1911	2850	2647
399	5	5	768	767	2851	1586	1585	1584	2779	2597
400	5	5	1644	1643	1642	2852	2853	2854
401	5	5	2855	1267	1266	1265	1490	1489	1488	2369
402	5	5	2856	2857	2858	2859	1768	1776	1775	1774	1901	1900	1899
403	5	5	2195	888	887	896	895	1355	1354	1353	103	102	101	100
404	5	5	880	879	2676	2675	1638	1637	1648	1647
405	5	5	23	22	2749	2860	599	598	597	2861
406	5	5	2104	2103	946	945	2384
407	5	5	346	345	2862	2863	2864	2865
408	5	5	1933	1932	2604	2866	1909	1908	1907	1916	1915	1914	2849	2867	2868	2416
409	5	5	2692	2691	2869	1941	1940	2870	2871
410	5	5	2872	2873	799	798	797	2874	2875
411	5	5	2876	2877	2878	2879	2880	2881	2882
412	5	5	2727	2726	2544	2543	2750
413	5	5	2778	2883	2884	2885	2886	568	578	577
414	5	5	2887	2888	2889	2890
415	5	5	1835	1834	1833	2891	2892	2893
416	5	5	757	756	755	2430	2429	2894	2746
417	5	5	2895	2853	2852	2896	2897
418	5	5	1166	1178	1177	1176	1410	1409	1408	2898	2899	2900
419	5	5	2339	2338	854	853	2901
420	5	5	2902	2903	2904	2263	1074	1073
421	5	5	525	524	2905	2872	2875
422	5	5	2906	2907	2908	2909
423	5	5	2910	2539	875	874	873
424	5	5	2911	2912	2913	1256	1255
425	5	5	1235	1234	1233	1678	1677	1676	1675	253	252	251	250
426	5	5	1807	1806	2914	2620	2619
427	5	5	2915	2916	613	612	611	2654	2653
428	5	5	345	344	343	2917	2918	149	148	147	2862
429	5	5	1507	1519	1518	1517	2919	2920	2921	2922	2923
430	5	5	2327	2700	2924	2925	2926	2328
431	5	5	2927	2928	2929	1869	1868	1867	2930	2931
432	5	5	2218	2217	2932	2933
433	5	5	244	243	66	65
434	5	5	336	335	334	2728	2753
435	5	5	1034	1048	1047	2094	2093	2092	2091	2090	2371	2934
436	5	5	2935	2936	2937	2938	2939	2940
437	5	5	807	806	2470	2941	2942
438	5	5	2234	2233	404	403	402
439	5	5	603	602	601	2943	2944	2651	2650
440	5	5	1292	1305	1304	1303	1727	1726	1725	2281	2280	2945	2946
441	5	5	2947	2948	2903	2902	2949
442	5	5	2950	2951	2335	2340	2952	2953	2954	1815	1814	1813	1812
443	5	5	2788	2167	2166	2955	2789
444	5	5	1004	1003	2956	2474
445	5	5	1955	1954	1953	2957	1152	1151	1150
446	5	5	2958	2959	2960	2961
447	5	5	2108	2107	2106	2105	2962	2963	2964
448	5	5	260	259	456	455	2965
449	5	5	2464	2966	2967	2968	2969	2465
450	5	5	1859	1858	821	820
451	5	5	1344	1343	1342	2457	2456	2970
452	5	5	746	745	2583	2582	2971
453	5	5	1763	1762	2972	978	989	988	987	986	2973	2974	2975
454	5	5	2747	1962	1961	2976	624	623	622	2977
455	5	5	720	719	718	114	113	2978	2979	2980	2981
456	5	5	922	921	936	935	934	2857	2856	2982	2983
457	5	5	2984	1457	1456	2985	2986	2043	2042	2051	2050
458	5	5	1405	1404	1403	1402	2709	2708	2987	2988	2981	2980
459	5	5	1700	1711	1710	1709	863	862	2542	2989
460	5	5	611	620	619	618	2990	2991	178	177	176	2311	2655	2654
461	5	5	2992	2993	2157	2156	2845	2994
462	5	5	2578	1162	1161	1160	2313	2312
463	5	5	2995	2996	2242	2241	2200	2199
464	5	5	2984	1612	1611	2997	2998	1458	1457
465	5	5	509	508	507	2721	2720	2426	2425
466	5	5	944	943	2962	2105	2104	2384
467	5	5	521	520	519	2999	3000
468	5	5	1259	1258	184	183
469	5	5	233	232	231	3001	3002	3003	2821
470	5	5	1780	1779	1778	3004	3005	2938	2937	3006
471	5	5	634	633	2162	2161	3007	3008	3009	2414
472	5	5	3010	27	26	303	302	3011	3012	3013
473	5	5	898	897	911	910	3014	835	834	833	3015
474	5	5	2695	2694	1103	1102	2627	2054	2053	2052	3016	2765
475	5	5	3017	236	235	234	2820	3018
476	5	5	1911	1910	1909	2866	3019	3020	2850
477	5	5	1279	1291	1290	3021	1272	1271	1270	3022	2380	2379
478	5	5	2224	2228	466	482	481	2146	2618
479	5	5	3023	510	509	2425	2375	2374	838	850	849	848	847
480	5	5	1064	1063	2498	2497	3024
481	5	5	226	246	245	2754	3025	3026
482	5	5	3024	3027	3028	1066	1065	1064
483	5	5	3029	3030	2844	2843	3031
484	5	5	2668	3032	844	843	1839	1838	2669
485	5	5	2023	2022	2021	1339	1338
486	5	5	755	754	2430
487	5	5	3033	3034	3035	387	386	385	3036	3037
488	5	5	1329	1328	154	153
489	5	5	2688	3038	3039	3040	2641	2640	2689
490	5	5	1703	1702	1701	3041	2614	2613	2600	2599
491	5	5	3042	3043	3044	2829	2828	2616	2615
492	5	5	165	182	181	268	267	3045
493	5	5	1080	1079	2712	3046	2715
494	5	5	2368	3047	3048	2299	2298	2363
495	5	5	1198	1197	2986	2985	1455	1454	1453
496	5	5	2603	2602	2616	2828	2832	3049
497	5	5	78	77	3050
498	5	5	1701	1700	2989	3051	3041
499	5	5	3019	2866	2604	2603	3049
500	5	5	2386	2427	499	498	3052	3053	2387
501	5	5	638	651	650	3054	2230	2229	3055	3056
502	5	5	1400	1399	2605	3057	3058
503	5	5	550	549	3059	2227	2226	2237	3060
504	5	5	1818	1817	1827	1826	3061	3062	3063	3064	3065	3066	2645
505	5	5	1294	1293	1292	2946	319	318	317
506	5	5	3067	2500	2499	3068
507	5	5	2921	2920	2796	2795
508	5	5	973	972	971	2321	3069	3070
509	5	5	2353	3071	2365	2364	2522	2354
510	5	5	2687	3072	2503	2502	3038	2688
511	5	5	1011	1010	3073	3074	3075
512	5	5	607	606	3076	3077	3078	3079
513	5	5	432	431	430	429	2538	2537	2629	3080	3081
514	5	5	2907	2529	2528	3082	3083	3084	2908
515	5	5	681	680	2586	341	340
516	5	5	3085	3086	1076	1075	2262
517	5	5	2577	2576	3087	3088	2408	2407
518	5	5	3089	3090	2118	2117	2116	1297	1296	1295	1294	317	316	315	1712	1721	1720	2458
519	5	5	2886	3091	2373	2372	569	568
520	5	5	915	914	913	3092	3093	3094	2785	2784
521	5	5	3095	3096	3097
522	5	5	2326	451	450	465	464	2787	2697
523	5	5	1019	1018	1017	3098	3099	3100	1384	1383	1382
524	5	5	2967	2405	2404	3101	3102	3103	2968
525	5	5	3104	3105	3106
526	5	5	3107	616	615	614	3108	3109	278	288	287	3110	1742	1741	1740
527	5	5	522	521	3000	3111	3112
528	5	5	3113	2971	2582	2581	3114	3115
529	5	5	2686	3072	2687
530	5	5	2563	2255	2254	2589	3116	3117	3118
531	5	5	3119	2935	2940	3120	3121
532	5	5	1150	1149	3122	3123	3124	1948	1947	1956	1955
533	5	5	1845	1844	1843	2885	2884	3125	2488
534	5	5	1974	1973	1972	2764	1146	1145	3126	3127	3128
535	5	5	690	689	688	3022	1270	1269	1268	3129	3130
536	5	5	2134	2133	2132	2131	3131	2460	1905	1904	1903	2809
537	5	5	2694	750	749	748	3132	3133	1090	1104	1103
538	5	5	1626	1625	1624	3134	3135	3136
539	5	5	1717	1716	1715	2211	2212	3137	3138	3139	2459
540	5	5	1480	1479	1478	1477	2349	3140	3141	777	776	775	774	773	2295	3142	3143
541	5	5	814	825	824	3144	2454	2459	3139
542	5	5	2078	2077	2076	2519	1470	1469	1468	2515
543	5	5	3145	3146	3147	3148	3149
544	5	5	174	173	172	2579	2578	2312
545	5	5	3150	2222	2221	2236	3151	3006	2937	2936
546	5	5	2303	2302	2387	3053	3152
547	5	5	2859	3153	2782	2781	1770	1769	1768
548	5	5	2482	3154	3155	2483
549	5	5	3156	1098	1097	3157	3158	3159
550	5	5	3160	3161	3162	3163
551	5	5	2928	2388	2392	2929
552	5	5	2345	2344	3164	3165	3147	3146
553	5	5	1682	1691	1690	1689	919	918	917	461	460	459	2532	2531
554	5	5	1314	1313	1312	411	410
555	5	5	127	126	125	591	590	589	3166
556	5	5	2248	2406	2405	2967	2966	2249
557	5	5	3167	3168	3169	3170	3171	3172
558	5	5	3166	2868	2867	128	127
559	5	5	937	956	955	1750	1749	1748	2279	3173	3174	3175
560	5	5	2958	2443	2446	399	398	397	2959
561	5	5	1799	1798	1797	3176	3177	3178	3179
562	5	5	3180	3172	3171	3181	3182
563	5	5	26	25	24	23	2861	305	304	303
564	5	5	3183	3184	3001	231	230
565	5	5	2621	2231	2220	2219	2622
566	5	5	1534	1545	1544	1543	867	866	3185	3186	2836	2835
567	5	5	198	213	212	3187	3188	3189	2266
568	5	5	3079	3078	2831	2830	3190
569	5	5	1387	1386	1395	1394	3074	3073	2013	2012	2011	2010	310	309	308	2490
570	5	5	523	522	3112	2176	2175
571	5	5	1419	1418	1417	1416	3191	3192	1027	1026	1025	1135	1134	1133	1132	3193	3194	3195
572	5	5	3196	851	861	860	2268	3197
573	5	5	2838	3198	2435	2434	3028	3027	2839
574	5	5	3088	3087	3199	3200	3201
575	5	5	2816	3202	2305	2304	3203	2817
576	5	5	3204	3205	2670	1670	1669	1681	1680	1231	1230	1229
577	5	5	1803	1802	1801	3206	1595	1594	1593
578	5	5	3207	2882	2881	3031	2843	2847
579	5	5	3208	2665	2667	3209
580	5	5	1762	1761	1760	1759	1138	1144	1143	967	977	976	981	980	979	2972
581	5	5	823	822	821	1858	1857	1856	1855	2738	2743
582	5	5	3109	3210	3211	281	280	279	278
583	5	5	3212	3213	2551	2552	2918	2917
584	5	5	1255	1263	1262	1308	1307	1306	3214	2911
585	5	5	2621	2626	3215	3216	2232	2231
586	5	5	2880	2178	2182	3029	3031	2881
587	5	5	1217	1216	1791	1790	2807	2330	2329
588	5	5	704	703	2186	3217	2897	2896	2245	2244
589	5	5	2370	2636	2635	3218	2934	2371
590	5	5	2811	2815	3219	3220	2812
591	5	5	289	307	306	305	2861	597	610	609	608	3221
592	5	5	2340	2339	2901	3222	3223	2952
593	5	5	1183	1182	1181	2821	3003
594	5	5	3224	2409	2408	3088	3201	3225
595	5	5	487	486	485	62	61	2172
596	5	5	942	941	940	2731	3226	3227
597	5	5	3085	2262	2264	3228	3229	3230
598	5	5	406	419	418	2628	3231	2734	2737
599	5	5	1451	1460	1459	1458	2998	3232	3233	3234	3235
600	5	5	722	721	720	2981	2988	3236	1373	1372	1371	1370	2475
601	5	5	748	747	746	2971	3113	3132
602	5	5	3237	3238	2756	2755
603	5	5	662	661	660	274	273	272	271	3239	2452	2273	2272
604	5	5	1336	1335	1334	675	674	673	2538	429	428
605	5	5	2509	3240	2144	2143	3241	2510
606	5	5	428	427	426	1322	1337	1336
607	5	5	3167	3242	2895	2897	3217	3243	3168
608	5	5	3244	3245	3246	1276	1275	2623	2622	2219	2223
609	5	5	1156	1155	3247	2893	2892	1555	1554	1553	1552	1551
610	5	5	1326	1325	1324	3248	3249	3250
611	5	5	2714	2818	3251	2472	2471
612	5	5	122	121	120	3252	2403	2406	2248	2247
613	5	5	2449	2452	3239
614	5	5	2489	3253	2883	2778	2777	545	544	543	542	3254	1392	1391	1390
615	5	5	1843	1842	1841	841	840	3091	2886	2885
616	5	5	608	607	3079	3190	3221
617	5	5	1172	1171	1170	2526	2525	3255	3256
618	5	5	707	706	2706	2705	2142
619	5	5	3257	3183	230	229
620	5	5	824	823	2743	2742	3258	3259	3260	3144
621	5	5	1438	1437	1436	1435	3261	3262
622	5	5	1795	1794	1793	1214	1213	1212	3263	471	470	469
623	5	5	1614	1613	1612	2984	2050	2049	2973	986	985
624	5	5	1841	1840	1839	843	842	841
625	5	5	2909	2908	3084	3264	3265	3266
626	5	5	2533	257	256	3267	1483	1482	1481	3143	3142	3268	2527	1609	1608	1607	1606
627	5	5	2696	3182	3181	2703	2702	883	882	881
628	5	5	3269	3270	2085	2098	2097	2096	2568	3197	2268	2267
629	5	5	350	349	3271	1117	1116	1115
630	5	5	1889	1896	1895	1894	2453	1112	1111	89	88	3272
631	5	5	134	145	144	84	97	96	2677	2681
632	5	5	586	585	2572	3273	2417
633	5	5	866	865	864	1707	1706	3185
634	5	5	91	90	89	1111	1110	1109	3061	1826	1825	1824	1823	1822
635	5	5	1793	1792	1791	1216	1215	1214
636	5	5	687	686	2200	2241	2240	2381
637	5	5	2224	2618	2238	2225
638	5	5	2486	2485	1966	1975	1974	3128
639	5	5	480	479	478	2840	1282	1281	1280	2147
640	5	5	3236	2988	2987	489	488
641	5	5	3248	2448	2447	3274	3249
642	5	5	1801	1800	1799	3179	3275	3276	3206
643	5	5	2733	3138	3137	224	223
644	5	5	3277	2418	2417	3273	3278
645	5	5	2002	2001	2000	2776	2887	2890	3279	3280
646	5	5	2837	2159	2167	2788	2792
647	5	5	3281	3282	907	906	2207	2206
648	5	5	1280	1279	2379	2378	2145	2147
649	5	5	2014	2013	3073	1010	1009
650	5	5	3283	3284	3285	2546	2545
651	5	5	2698	2697	2787	2559	2562	3153	2859	2858
652	5	5	3265	3264	3286	3287	3288
653	5	5	2488	3125	3253	2489
654	5	5	3278	3273	2572	2571	3289
655	5	5	2551	3213	677	676	675	1334	1333
656	5	5	1961	1960	1959	716	715	714	3290	3291	2976
657	5	5	592	591	125	124
658	5	5	2215	3285	3284	3292	965	964	963
659	5	5	459	458	457	456	259	258	257	2533	2532
660	5	5	2595	2594	3293	3294	3295
661	5	5	495	494	3296	2860	2749
662	5	5	3297	3063	3062	1108	1107	2804	3298
663	5	5	2735	3299	3300	3301	2736
664	5	5	1633	1632	1631	3098	1017	1016	1015	3302	2642
665	5	5	3303	3304	3305	3306
666	5	5	1422	1421	1429	1428	374	373	2690	2689	2640	2639
667	5	5	385	384	2684	2683	3307	3036
668	5	5	3147	3165	3308	2766	2765	3016	3309	3148
669	5	5	2482	2487	3012	3011	3154
670	5	5	3310	3311	3312	2296	772	781	780	779	778
671	5	5	1797	1804	1803	1593	1592	1591	3313	3176
672	5	5	2617	1044	1043	1042	1988	1987	3314	3315	2567	2566
673	5	5	144	143	85	84
674	5	5	3151	2236	2235	2555	2607	2606	3316
675	5	5	1340	1339	2021	2020	2019	3317	2111	2110	2120	2119	3090	3089
676	5	5	2924	2204	2203	2301	2300	2925
677	5	5	1463	1462	1461	1472	1471	2588	2253	2252	2438
678	5	5	3318	3319	3237	2755	2760	3094	3093
679	5	5	3320	2910	873	872	2383
680	5	5	3126	1145	1154	1153	1152	2957	1225	1224	1223	2548	30	29	28	27	3010
681	5	5	416	415	2057	2056
682	5	5	2947	2949	3321	3037	3036	3307
683	5	5	1572	1571	2540	808	807	2942
684	5	5	1774	1773	1772	2809	1903	1902	1901
685	5	5	129	128	2867	2849	2848	2323
686	5	5	2879	2878	3322	3323	3324
687	5	5	1324	1323	2448	3248
688	5	5	2062	2061	3008	3007
689	5	5	320	319	2946	2945	2151	2150
690	5	5	3188	3233	3232	3325	3326	3189
691	5	5	2668	2148	2152	3327	3032
692	5	5	3051	3042	2615	2614	3041
693	5	5	2730	2729	3328	2158	2157	2993
694	5	5	2889	2511	2510	3241	3279	2890
695	5	5	801	800	3209	2667
696	5	5	1408	1420	1419	3195	2898
697	5	5	2350	2355	2523	2462	2461	2504	3329
698	5	5	974	973	3070	1432	1431	1430
699	5	5	1580	1579	1578	1587	1586	2851	3330	1917	1926	1925	3331	3202	2816	2713	2715	3046
700	5	5	1783	1782	1781	3316	2606	2609
701	5	5	3170	2704	2703	3181	3171
702	5	5	2469	3332	3114	2581	53	52
703	5	5	1951	1950	1949	1948	3124	3204	1229	1228
704	5	5	3275	3333	2657	2656	3276
705	5	5	2855	3334	3129	1268	1267
706	5	5	2059	2058	2057	415	414	3335	3145	3149
707	5	5	2646	2652	3057	2605	2324	2323	2848
708	5	5	2922	2921	2795	2794	3262	3261
709	5	5	3286	2294	2296	3312	3287
710	5	5	2651	2944	2711	2710	3058	3057	2652
711	5	5	2864	2863	146	164	163	2803	2802
712	5	5	2194	2460	3131	3336	3337	894	893	892	891
713	5	5	290	289	3221	3190	2830	2829	3044
714	5	5	1861	1870	1869	2929	2392	2391	2745
715	5	5	3194	3193	3162	3161	3338
716	5	5	869	868	867	1543	1542	1541	1540	1509	1508	1507	2923	3339	516	515	531	530
717	5	5	3227	2963	2962	943	942
718	5	5	939	938	937	3175	3328	2729
719	5	5	2607	2555	401	400	2608
720	5	5	3275	3179	3178	3340	3333
721	5	5	74	73	72	71	70	2672	3341	439	438	437	436	2701
722	5	5	494	493	2711	2944	2943	3296
723	5	5	812	811	810	3320	2383	2382	2769	3342
724	5	5	2232	3216	2685	2684	384	405	404	2233
725	5	5	1619	1627	1626	3136	3343	3056	3055
726	5	5	3318	3092	913	912	3344	3319
727	5	5	3345	3346	363	362	361	2722
728	5	5	3009	3347	3039	3038	2502	2415	2414
729	5	5	1867	1866	1865	1864	1347	1346	1345	3348	2930
730	5	5	2649	2648	3076	606	605	604
731	5	5	2162	633	632	631	2163
732	5	5	498	497	2033	2032	3052
733	5	5	3288	3349	3350	3266	3265
734	5	5	740	739	10	9
735	5	5	601	600	599	2860	3296	2943
736	5	5	3351	3352	3353	3238	3237	3319	3344
737	5	5	3227	3226	3354	3355	3356	2964	2963
738	5	5	556	555	554	553	571	570	569	2372
739	5	5	679	678	677	3213	3212	2584
740	5	5	2585	2584	3212	2917	343	342
741	5	5	3357	3358	2413	2412
742	5	5	1811	1810	1809	1808	1807	2619	2441	2440	2951	2950
743	5	5	1679	1678	1233	1232
744	5	5	2465	2969	2846	2155	2154	3359	3360	2466
745	5	5	388	387	3035
746	5	5	396	395	394	3361	81	80
747	5	5	2918	2552	2341	151	150	149
748	5	5	275	274	660	659
749	5	5	579	596	595	2249	2966	2464	2467
750	5	5	163	162	161	3362	3298	2804	2803
751	5	5	1238	1254	1253	1252	2320	2319	2535	2534	3363	3364
752	5	5	926	925	924	483	501	500	2428	2385
753	5	5	2049	2048	2047	2046	2045	1195	1194	1193	3365	2974	2973
754	5	5	1498	1497	1506	1505	3366	441	440	3367	2813	2810
755	5	5	2740	2739	3368	2927	2931
756	5	5	3369	3103	3102	2877	2876
757	5	5	3294	3293	3370	3371
758	5	5	2470	2419	2424	3372	2941
759	5	5	2184	2183	2275	2443	2958	2961	3373
760	5	5	3369	2876	2882	3207
761	5	5	2742	2741	3374	3258
762	5	5	3375	2530	2529	2907	2906
763	5	5	785	784	3376	3377
764	5	5	408	407	2574	2573
765	5	5	688	687	2381	2380	3022
766	5	5	3224	3225	3002	3001	3184
767	5	5	2912	3378	3379	3380	3096	3095	3381	2913
768	5	5	2889	2888	2359	2362	2512	2511
769	5	5	1666	1665	1664	2261	3133	3132	3113	3115
770	5	5	195	194	193	2435	3198	2791	2790	2343	2342
771	5	5	810	809	808	2540	2539	2910	3320
772	5	5	1328	1327	1326	3250	2297	156	155	154
773	5	5	2813	3367	3382	2814
774	5	5	3174	3173	3383	3359	2154	2153
775	5	5	1351	1350	1349	1348	3384	2744	421	420
776	5	5	285	284	283	282	3385	3302	1015	1014	1020	1019	1382	1381
777	5	5	1886	1885	1884	2276	2557	2554	2553
778	5	5	2568	2567	3315	3386	3196	3197
779	5	5	3229	3228	1981	1980	2842	2841
780	5	5	1174	1173	3387	2189	2188	3388	3389
781	5	5	3029	2182	2181	3390	3030
782	5	5	3391	1492	1491	1490	1265	1264
783	5	5	2129	2128	2127	2126	2633	2658	990	1002	1001	3392	3393
784	5	5	2562	2561	2783	2782	3153
785	5	5	3173	2279	2278	3394	2570	2569	3395	3383
786	5	5	2708	492	491	490	489	2987
787	5	5	47	63	62	485	484	483	924	923	922	2983
788	5	5	3292	3345	2722	957	966	965
789	5	5	3396	3397	3336	3131	2131	2141	2140
790	5	5	356	355	354	3398	3399	3235	3234	3187	212	211	210	3400
791	5	5	473	472	471	3263	1211	1210	1209	1208	3401	3402	3403
792	5	5	693	692	691	3269	2267
793	5	5	160	159	158	2299	3048
794	5	5	1833	1832	1831	1830	1829	1828	2198	2197	858	857	2891
795	5	5	1704	1703	2599	1929	1928	1927	2418	3277	3404
796	5	5	186	185	184	1258	1257	1256	2913	3381	3405	3406
797	5	5	2061	2074	2073	3347	3009	3008
798	5	5	561	560	2426	2720	2719	2808
799	5	5	3407	3408	2904	2903	2948
800	5	5	210	209	3409	3400
801	5	5	729	728	3410	3411	3412	3413
802	5	5	1486	1496	1495	1494	1493	3414	830	829	828	827	3415	327	326	325	324	2636	2370
803	5	5	3346	3177	3176	3313	2308	366	365	364	363
804	5	5	784	783	782	2507	2506	3376
805	5	5	2403	3252	3393	3392	1000	999	998	1558	1567	1566	3416	3101	2404
806	5	5	2764	2763	3122	1149	1148	1147	1146
807	5	5	3417	3418	2590	2595	3295	3419
808	5	5	3327	2152	2151	2945	2280	2285
809	5	5	3375	2906	2909	3266	3350	3420
810	5	5	3061	1109	1108	3062
811	5	5	2016	2015	2014	1009	1008	1007	1006	16	15	218	217	216	215	214
812	5	5	359	358	2620	2914	2723
813	5	5	2479	3421	3422	3423	2480
814	5	5	1227	1226	1225	2957	1953	1952
815	5	5	188	187	186	3406	3034	3033
816	5	5	622	621	2871	2870	3424	2977
817	5	5	691	690	3130	3270	3269
818	5	5	3299	3425	42	41	3200	3199	3300
819	5	5	1415	1414	1413	1412	3389	3388	3426	3192	3191
820	5	5	2789	2955	3164	2344	2343	2790
821	5	5	1424	1423	1422	2639	2638	1219	1218	1217	2329	2334
822	5	5	3297	3298	3362	3427
823	5	5	3428	3429	3430	3431	3432
824	5	5	3051	2989	2542	2541	293	292	291	3043	3042
825	5	5	56	55	54	2583	745	744	743	742
826	5	5	1631	1630	1629	1628	2793	3433	3099	3098
827	5	5	1070	1069	191	190	3434
828	5	5	2780	1582	1581	1580	3046	2712	2496	2495
829	5	5	96	95	2678	2677
830	5	5	3277	3278	3289	2833	2836	3186	3404
831	5	5	2342	2345	3146	3145	3335	413	412	411	1312	1311	1310	1261	1260	1259	183	197	196	195
832	5	5	2996	3435	3060	2237	2242
833	5	5	2025	2024	2023	1338	1352	1351	420	435	434	433	432	3081	3436
834	5	5	380	379	378	2526	1170	1169	1168
835	5	5	3230	3229	2841	476	475
836	5	5	214	225	224	3137	2212	311	310	2010	2018	2017	2016
837	5	5	2873	3208	3209	800	799
838	5	5	1512	1511	2554	2557	2556
839	5	5	170	169	168	3203	2304	2307
840	5	5	1396	1407	1406	2979	2978	2393	2322	2325
841	5	5	929	928	2205	2699
842	5	5	2650	2649	604	603
843	5	5	2442	2310	2309	3437	3438	1159	1158
844	5	5	2700	2699	2205	2204	2924
845	5	5	3439	3440	3441	3442
846	5	5	2166	2165	3308	3165	3164	2955
847	5	5	2190	3443	3256	3255	2191
848	5	5	2492	2591	2590	3418	3444	2493
849	5	5	2184	3373	3445	3446	3447	2185
850	5	5	1176	1175	1174	3389	1412	1411	1410
851	5	5	2190	2189	3387	3443
852	5	5	2939	2938	3005	3015	833	832	831
853	5	5	3118	3117	3448	3449	3450
854	5	5	3451	3452	3453	1998	1997	2009	2008	2676	879	878	877
855	5	5	2643	3370	3293	2594	2593
856	5	5	3377	3376	2506	2505	3454
857	5	5	2837	2792	2791	3198	2838
858	5	5	2086	2085	3270	3130	3129	3334
859	5	5	95	94	794	793	792	2678
860	5	5	1474	1473	1485	1484	1483	3267	255	254	253	1675	1674
861	5	5	3455	3456	3457	2400	2399	2282	2281	1725	1724	1723	1722	1728	1727	1303	1302
862	5	5	2072	2071	2521	2641	3040
863	5	5	2546	3285	2215	2214
864	5	5	3222	3386	3315	3314	3223
865	5	5	1143	1142	1141	1140	3458	2173	969	968	967
866	5	5	1546	1557	1556	1555	2892	2891	857	856	855	854	2338	2337
867	5	5	349	348	3271
868	5	5	3352	3396	2140	2139	3353
869	5	5	389	388	3035	3034	3406	3405
870	5	5	2949	2902	1073	1072	1071	1070	3434	3321
871	5	5	2995	3459	3435	2996
872	5	5	353	352	351	350	1115	1114	1202	1201	1200	3399	3398
873	5	5	1068	1067	1066	3028	2434	2433
874	5	5	1173	1172	3256	3443	3387
875	5	5	3094	2760	2759	2785
876	5	5	3163	3162	3193	1132	1131	2518	3323	3322
877	5	5	2576	2575	3301	3300	3199	3087
878	5	5	2653	2657	3333	3340	2915
879	5	5	2250	2565	1650	1649	1657	1656	2767	2437	2251
880	5	5	3257	2410	2409	3224	3184	3183
881	5	5	2718	2717	2524	2358	2357
882	5	5	2864	2802	2801	2865
883	5	5	549	567	566	2805	1787	1786	1785	3460	3059
884	5	5	1864	1863	1862	3384	1348	1347
885	5	5	1689	1688	1687	3461	3462	3351	3344	912	920	919
886	5	5	2160	2839	3027	3024	2497	2064	2063	2062	3007	2161
887	5	5	1062	1061	1078	1077	1076	3086	3463
888	5	5	243	242	241	3054	650	649	2289	68	67	66
889	5	5	1624	1623	1622	3017	3018	2819	2822	3134
890	5	5	2630	116	115	114	718	717	716	1959	1958	1957	1965	1964	2631
891	5	5	2019	2028	2027	2317	2316	3464	3317
892	5	5	3245	3119	3121	3465	3246
893	5	5	3159	3158	44	43	42	3425
894	5	5	3215	3466	2682	2685	3216
895	5	5	3205	3467	2671	2670
896	5	5	1611	1618	1617	2797	2397	2396	3326	3325	2997
897	5	5	1121	1120	1119	1766	1765	2826	2825
898	5	5	1435	1434	1433	2999	519	518	517	3339	2923	2922	3261
899	5	5	3155	3154	3011	302	301
900	5	5	1433	1432	3070	3069	3111	3000	2999
901	5	5	1206	1205	2520
902	5	5	77	76	75	2704	3170	3169	3446	3445	3468	3050
903	5	5	3454	2549	786	785	3377
904	5	5	59	58	2476	1366	1365	2171
905	5	5	3469	3470	36	35	34	1052	1051	1050	3471
906	5	5	1589	1588	3438	3437
907	5	5	3318	3093	3092
908	5	5	2368	2367	3472	3047
909	5	5	2083	2082	2081	2774	2773	2099	2109	2108	2964	3356	3390	2181	2180	2517
910	5	5	113	133	132	2393	2978
911	5	5	2716	2192	2191	3255	2525	2524	2717
912	5	5	3417	3473	2610	653	652	3444	3418
913	5	5	2833	3289	2571	2570	3394	2834
914	5	5	1316	1315	1314	410	409	408	2573	2577	2407
915	5	5	3474	3475	3476	3429	3428
916	5	5	1097	1096	2201	2693	3477	3157
917	5	5	3460	1785	1796	1795	469	468
918	5	5	1059	1058	1363	1362
919	5	5	2185	3447	3243	3217	2186
920	5	5	1242	1241	1240	3449	3448	3478	3457	3456
921	5	5	1379	1378	1377	1376	2377	1733	1732	1731	1730	2451	3479	3480	3481
922	5	5	3482	3066	3065	2352	2351
923	5	5	3409	209	208	207	3483	3484
924	5	5	1715	1714	1713	1712	315	314	2211
925	5	5	3126	3010	3013	3127
926	5	5	537	536	535	1088	1087	1086	2474	2956
927	5	5	3096	3380	3485	391	390	3097
928	5	5	853	852	851	3196	3386	3222	2901
929	5	5	2491	2494	666	665	3433	2793
930	5	5	2880	2879	3324	2179	2178
931	5	5	2601	2600	2613
932	5	5	1040	1039	1038	2293	3486	3487
933	5	5	2647	2850	3020	3077	3076	2648
934	5	5	2228	2227	3059	3460	468	467	466
935	5	5	1160	1159	3438	1588	1602	1601	1600	2313
936	5	5	1939	1938	1937	2748	2747	2977	3424
937	5	5	3151	3316	1781	1780	3006
938	5	5	3082	3268	3142	2295	1875	1874	1873	1872	1871	3083
939	5	5	2321	2177	2176	3112	3111	3069
940	5	5	455	454	453	452	2328	2926	2029	2041	2040	2039	2038	19	18	33	32	247	262	261	2965
941	5	5	2762	3123	3122	2763
942	5	5	2794	2798	3488	1440	1439	1438	3262
943	5	5	551	550	3060	3435	3459	2596
944	5	5	3071	3489	3490	2366	2365
945	5	5	2122	2121	2130	2129	3393	3252	120	119
946	5	5	3441	2679	790	789	3442
947	5	5	885	884	883	2702	2701	436	449	448
948	5	5	2395	1752	1751	1750	955	954
949	5	5	1275	1274	1273	1272	3021	1289	1288	1287	2624	2623
950	5	5	2389	3274	2447	425	424	423	422	2390
951	5	5	41	40	39	3491	1185	1184	1183	3003	3002	3225	3201	3200
952	5	5	3478	2401	2400	3457
953	5	5	2319	2318	3080	2629	2536	2535
954	5	5	2045	2044	2043	2986	1197	1196	1195
955	5	5	734	733	732	2314	818	817	816	2732
956	5	5	3417	3419	3492	3493	3473
957	5	5	3367	440	439	3341	3422	3421	3382
958	5	5	1069	1068	2433	192	191
959	5	5	3030	3390	3356	3355	2994	2845	2844
960	5	5	1696	1695	1694	2982	2856	1899	1898	2193	2196
961	5	5	1394	1393	1392	3254	541	540	3075	3074
962	5	5	2585	342	341	2586
963	5	5	2472	3251	167	166	165	3045	1445	1444	1443	1450	1449	1448	1447	265	264	2473
964	5	5	3240	709	708	2144
965	5	5	1250	1249	1248	2258	2257	3494	3464	2316
966	5	5	997	996	3495	3338	3161	3160	3496	1564	1563	1562	1561	1560
967	5	5	2997	3325	3232	2998
968	5	5	3489	3064	3063	3297	3427	3497	3490
969	5	5	339	357	356	3400	3409	3484	2269
970	5	5	2478	2814	3382	3421	2479
971	5	5	2863	2862	147	146
972	5	5	513	512	511	3023	847	846	845	2284	2283
973	5	5	2293	2292	2933	2932	3486
974	5	5	2911	3214	3378	2912
975	5	5	3244	3150	2936	2935	3119	3245
976	5	5	3498	2854	2853	2895	3242
977	5	5	2528	2527	3268	3082
978	5	5	3068	2499	2498	1063	1062	3463	3403	3402
979	5	5	645	644	643	2413	3358	3423	3422	3341	2672
980	5	5	1596	1595	3206	3276	2656	2655	2311
981	5	5	488	487	2172	2171	1365	1374	1373	3236
982	5	5	895	894	3337	2664	2663	1359	1358	1357	1356	1355
983	5	5	1894	1893	1892	1891	3499	3365	1193	1192	1204	1203	2453
984	5	5	996	995	994	2900	2899	3495
985	5	5	1617	1616	1615	1614	985	984	983	3488	2798	2797
986	5	5	3467	3500	2348	2347	2671
987	5	5	507	506	505	2187	2192	2716	2721
988	5	5	840	839	838	2374	2373	3091
989	5	5	1987	1996	1995	1994	1993	2953	2952	3223	3314
990	5	5	983	982	981	976	975	974	1430	1442	1441	1440	3488
991	5	5	1879	1888	1887	1537	1536	1535	1534	2835	2834	3394	2278	2277
992	5	5	140	139	2824	2823
993	5	5	34	46	45	3477	2693	1053	1052
994	5	5	400	399	2446	2445	2608
995	5	5	3420	3350	3349	3462	3461
996	5	5	727	726	741	740	9	8	7	3501	3411	3410
997	5	5	1778	1777	1784	1783	2609	2516	2169	2168	3004
998	5	5	2819	3018	2820
999	5	5	124	123	122	2247	594	593	592
1000	5	5	3371	3502	3492	3419	3295	3294
1001	5	5	381	380	1168	1167	1166	2900	994	993	992
1002	5	5	1584	1583	1582	2780	2779
1003	5	5	3498	3242	3167	3172	3180
1004	5	5	2544	2726	2725	3283	2545
1005	5	5	1891	1890	1889	3272	87	86	85	143	142	141	3499
1006	5	5	2487	2486	3128	3127	3013	3012
1007	5	5	373	372	371	370	369	2660	2869	2691	2690
1008	5	5	3448	3117	3116	2402	2401	3478
1009	5	5	390	389	3405	3381	3095	3097
1010	5	5	1502	1501	1500	2812	3220	3476	3475
1011	5	5	1032	1031	1030	1029	1028	1027	3192	3426	502	514	513	2283	2282	2399
1012	5	5	3305	3503	3282	3281	3306
1013	5	5	3144	3260	2455	2454
1014	5	5	2680	3504	136	135	134	2681
1015	5	5	563	562	561	2808	2356	2333	2332
1016	5	5	542	541	3254
1017	5	5	3260	3259	2970	2456	2455
1018	5	5	2706	706	705	704	2244	2243
1019	5	5	64	83	82	3485	3380	3379	3025	2754
1020	5	5	665	664	663	662	2272	2271	3100	3099	3433
1021	5	5	1493	1492	3391	3465	3121	3120	3414
1022	5	5	3432	3505	444	443	442	3474	3428
1023	5	5	2738	1855	1854	1853	3506	3368	2739
1024	5	5	581	580	579	2467	2466	3360
1025	5	5	2306	2305	3202	3331	3247	1155	1165	1164	1526	1525	1524	1523	1522	1521
1026	5	5	1306	1321	1320	1319	3026	3025	3379	3378	3214
1027	5	5	2315	2314	732	731	730	729	3413
1028	5	5	172	171	1532	1531	2580	2579
1029	5	5	297	296	1575	1574	1573	1572	2942	2941	3372
1030	5	5	3397	2661	2664	3337	3336
1031	5	5	2366	3490	3497	3472	2367
1032	5	5	1862	1861	2745	2744	3384
1033	5	5	1187	1186	3491	39	38
1034	5	5	1036	1035	1034	2934	3218	3507
1035	5	5	711	710	709	3240	2509	2513	2800
1036	5	5	1319	1318	1317	2410	3257	229	228	227	226	3026
1037	5	5	393	392	391	3485	82	81	3361
1038	5	5	3133	2261	1092	1091	1090
1039	5	5	626	625	624	2976	3291
1040	5	5	1402	1401	1400	3058	2710	2709
1041	5	5	1042	1041	1040	3487	1990	1989	1988
1042	5	5	2731	2730	2993	2992	3354	3226
1043	5	5	1871	1878	1877	2294	3286	3264	3084	3083
1044	5	5	3304	3508	3509	3503	3305
1045	5	5	906	905	904	903	698	713	712	2208	2207
1046	5	5	1622	1621	237	236	3017
1047	5	5	1591	1590	1589	3437	2309	2308	3313
1048	5	5	565	564	563	2332	2331	2806
1049	5	5	2318	2317	2027	2026	3436	3081	3080
1050	5	5	2563	3118	3450	3364	3363	2564
1051	5	5	301	300	299	3510	2423	2422	2484	2483	3155
1052	5	5	271	270	2799	2450	2449	3239
1053	5	5	2179	3324	3323	2518	2517	2180
1054	5	5	3511	2634	323	338	337	2771	2770
1055	5	5	286	285	1381	1380	1379	3481	3512
1056	5	5	589	588	587	2416	2868	3166
1057	5	5	1248	1247	2256	2258
1058	5	5	3473	3493	3513	3514	2611	2610
1059	5	5	1240	1239	1238	3364	3450	3449
1060	5	5	2732	816	815	814	3139	3138	2733
1061	5	5	2032	2031	3152	3053	3052
1062	5	5	2658	2633	2632	2748	1937	1946	1945	2659
1063	5	5	1560	1559	1558	998	997
1064	5	5	2005	2004	2003	3280	3279	3241	2143	2142	2705	2707
1065	5	5	3125	2884	2883	3253
1066	5	5	640	639	638	3056	3343	2259
1067	5	5	1102	1101	1100	1099	1098	3156	3231	2628	2627
1068	5	5	2089	2088	2087	2086	3334	2855	2369
1069	5	5	1003	1013	1012	1011	3075	540	539	538	537	2956
1070	5	5	1976	1986	1985	2625	2624	1287	1286
1071	5	5	917	916	915	2784	2783	2561	2560	463	462	461
1072	5	5	2073	2072	3040	3039	3347
1073	5	5	2411	3357	2412
1074	5	5	1980	1979	1978	1977	1976	1286	1285	2842
1075	5	5	3187	3234	3233	3188
1076	5	5	2081	2080	2079	2078	2515	2514	2774
1077	5	5	3476	3220	3219	3430	3429
1078	5	5	2877	3102	3101	3416	3496	3160	3163	3322	2878
1079	5	5	1024	1023	1022	1021	2402	3116	2589	2587	1127	1137	1136
1080	5	5	2256	1247	1246	2436	3494	2257
1081	5	5	3174	2153	2158	3328	3175
1082	5	5	2494	2493	3444	652	667	666
1083	5	5	684	683	2269	3484	3483	2637
1084	5	5	1985	1984	3408	3407	3466	3215	2626	2625
1085	5	5	1140	1139	1138	1759	1758	1757	1767	1766	1119	1126	1125	3515	3458
1086	5	5	3134	2822	1179	1191	1190	3516	3135
1087	5	5	2947	3307	2683	2682	3466	3407	2948
1088	5	5	528	527	3517	3342	2769
1089	5	5	2805	566	565	2806
1090	5	5	7	6	2611	3514	3501
1091	5	5	3033	3037	3321	3434	190	189	188
1092	5	5	3244	2223	2222	3150
1093	5	5	1746	1745	1744	1743	1742	3110	3512	3481	3480
1094	5	5	2114	2113	2112	2111	3317	3464	3494	2436
1095	5	5	337	336	2753	2752	2772	2771
1096	5	5	1208	1207	2501	2500	3067	3401
1097	5	5	1738	1747	1746	3480	3479	2991	2990	617	616	3107
1098	5	5	1687	1686	1685	1684	1683	1682	2531	2530	3375	3420	3461
1099	5	5	3067	3068	3402	3401
1100	5	5	789	788	787	2550	3439	3442
1101	5	5	2423	3510	298	297	3372	2424
1102	5	5	2348	3500	3140	2349
1103	5	5	3156	3159	3425	3299	2735	2734	3231
1104	5	5	3487	3486	2932	2217	2216	2954	2953	1993	1992	1991	1990
1105	5	5	139	138	137	136	3504	3518	1124	1123	1122	1121	2825	2824
1106	5	5	3519	2644	2645	3066	3482
1107	5	5	2951	2440	2439	2336	2335
1108	5	5	1940	1939	3424	2870
1109	5	5	475	474	473	3403	3463	3086	3085	3230
1110	5	5	2352	3065	3064	3489	3071	2353
1111	5	5	2659	1945	1944	1943	1942	1941	2869	2660
1112	5	5	3508	3105	3104	332	331	330	3509
1113	5	5	761	760	759	2596	3459	2995	2199
1114	5	5	1465	1464	2768	2287	2286
1115	5	5	2270	2377	1376	1375	1385	1384	3100	2271
1116	5	5	3332	1667	1666	3115	3114
1117	5	5	1345	1344	2970	3259	3258	3374	3348
1118	5	5	1548	1547	1546	2337	2336	2439
1119	5	5	2818	2817	3203	168	167	3251
1120	5	5	2139	2138	2137	2757	2756	3238	3353
1121	5	5	2696	1645	1644	2854	3498	3180	3182
1122	5	5	1765	1764	1763	2975	2827	2826
1123	5	5	2288	2287	2768	2767	1656	1655	1654
1124	5	5	826	837	836	835	3014	909	908	907	3282	3503	3509	330	329	328	3520
1125	5	5	3446	3169	3168	3243	3447
1126	5	5	3020	3019	3049	2832	2831	3078	3077
1127	5	5	961	960	959	2723	2914	1806	1805	1816	1815	2954	2216
1128	5	5	3412	3521	1852	1851	1850	2315	3413
1129	5	5	207	206	2637	3483
1130	5	5	714	725	724	723	2477	2746	2894	3290
1131	5	5	1952	1951	1228	1227
1132	5	5	2751	2547	2213	2218	2933	2292	2291	2772	2752
1133	5	5	1189	1188	1187	38	37	36	3470	3522
1134	5	5	527	526	525	2875	2874	3517
1135	5	5	628	627	626	3291	3290	2894	2429
1136	5	5	2350	3329	3519	3482	2351
1137	5	5	797	813	812	3342	3517	2874
1138	5	5	3354	2992	2994	3355
1139	5	5	2940	2939	831	830	3414	3120
1140	5	5	1528	1527	1526	1164	1163
1141	5	5	446	445	444	3505	3452	3451
1142	5	5	2574	407	406	2737	2736	3301	2575
1143	5	5	2766	3308	2165	2164	2432	2431
1144	5	5	2750	2543	2547	2751
1145	5	5	141	140	2823	2827	2975	2974	3365	3499
1146	5	5	3235	3399	1200	1199	1198	1453	1452	1451
1147	5	5	582	581	3360	3359	3383	3395
1148	5	5	3306	3281	2206	2210	2361	2360	3303
1149	5	5	1362	1361	1360	2786	3469	3471	1049	1060	1059
1150	5	5	1621	1620	1619	3055	2229	238	237
1151	5	5	1642	1641	1640	1639	2674	2673	2006	2005	2707	2246	2245	2896	2852
1152	5	5	161	160	3048	3047	3472	3497	3427	3362
1153	5	5	2485	2484	2422	2421	2666	3523	1968	1967	1966
1154	5	5	397	396	80	79	78	3050	3468	2960	2959
1155	5	5	241	240	2230	3054
1156	5	5	2635	2634	3511	3507	3218
1157	5	5	3185	1706	1705	1704	3404	3186
1158	5	5	2961	2960	3468	3445	3373
1159	5	5	100	99	2468	49	48	47	2983	2982	1694	1693	1692	1699	1698	1697	1696	2196	2195
1160	5	5	1922	1921	1920	1919	1918	3330	2851	767	766	765	764	2198	1828	1837	1836
1161	5	5	2175	2174	2905	524	523
1162	5	5	1264	1278	1277	1276	3246	3465	3391
1163	5	5	3507	3511	2770	2290	1037	1036
1164	5	5	2740	2931	2930	3348	3374	2741
1165	5	5	2450	2799	179	178	2991	3479	2451
1166	5	5	1984	1983	1982	1981	3228	2264	2263	2904	3408
1167	5	5	1709	1708	1707	864	863
1168	5	5	1342	1341	1340	3089	2458	2457
1169	5	5	3015	3005	3004	2168	900	899	898
1170	5	5	2919	1516	1515	1514	2558	2394	2398	2796	2920
1171	5	5	1925	1924	1923	1922	1836	1835	2893	3247	3331
1172	5	5	3032	3327	2285	2284	845	844
1173	5	5	1660	1659	1658	1668	1667	3332	2469	2376
1174	5	5	333	332	3104	3106	2724
1175	5	5	291	290	3044	3043
1176	5	5	3495	2899	2898	3195	3194	3338
1177	5	5	2564	3363	2534	669	668	1652	1651	1650	2565
1178	5	5	2926	2925	2300	2303	3152	2031	2030	2029
1179	5	5	3158	3157	3477	45	44
1180	5	5	621	637	636	2503	3072	2686	2692	2871
1181	5	5	1105	1118	1117	3271	348	347	346	2865	2801
1182	5	5	2187	505	504	503	502	3426	3388	2188
1183	5	5	2553	1538	1537	1887	1886
1184	5	5	2968	3103	3369	3207	2847	2846	2969
1185	5	5	2504	2508	2644	3519	3329
1186	5	5	3493	3492	3502	3513
1187	5	5	1838	1849	1848	1847	1846	2490	308	322	321	320	2150	2149	2669
1188	5	5	1514	1513	1512	2556	2558
1189	5	5	267	266	265	1447	1446	1445	3045
1190	5	5	952	951	950	949	2266	3189	3326	2396
1191	5	5	3310	778	777	3141
1192	5	5	2761	1969	1968	3523
1193	5	5	3515	1125	1124	3518
1194	5	5	3506	1853	1852	3521
1195	5	5	3385	282	281	3211
1196	5	5	3108	614	613	2916
1197	5	5	2775	1999	1998	3453
1198	5	5	3516	1190	1189	3522
1199	5	5	1480	3143	1481
1200	5	5	255	3267	256
1201	5	5	260	2965	261
1202	5	5	1222	2548	1223
1203	5	5	19	2038	2037	20
1204	5	5	293	2541	294
1205	5	5	295	1576	1575	296
1206	5	5	298	3510	299
1207	5	5	516	3339	517
1208	5	5	1516	2919	1517
1209	5	5	978	2972	979
1210	5	5	91	1822	1821	92
1211	5	5	87	3272	88
1212	5	5	932	2698	2858	2857	934	933
1213	5	5	1369	2475	1370
1214	5	5	1405	2980	2979	1406
1215	5	5	582	3395	2569	583
1216	5	5	1879	2277	1880
1217	5	5	1135	1025	1024	1136
1218	5	5	2099	2773	2100
1219	5	5	1455	2985	1456
1220	5	5	353	3398	354
1221	5	5	1049	3471	1050
1222	5	5	98	2468	99
1223	5	5	2059	3149	3148	3309	3016	2052	2060
1224	5	5	1424	2334	1425
1225	5	5	1000	3392	1001
1226	5	5	1564	3496	3416	1566	1565
1227	5	5	1415	3191	1416
1228	5	5	510	3023	511
1229	5	5	1300	1244	1243	1242	3456	3455	1302	1301
1230	5	5	1251	2320	1252
1231	5	5	2118	3090	2119
1232	5	5	2025	3436	2026
1233	5	5	1185	3491	1186
1234	5	5	648	2289	649
1235	5	5	1309	1308	1262	1261	1310
1236	5	5	413	3335	414
1237	5	5	393	3361	394
1238	5	5	1219	2638	1220
1239	5	5	1211	3263	1212
1240	5	5	1289	3021	1290
1241	5	5	1282	2840	1283
1242	5	5	1789	2807	1790
1243	5	5	573	2598	574
1244	5	5	1917	3330	1918
1245	5	5	545	2777	546
1246	5	5	218	15	14	13	219
1247	5	5	727	3410	728
1248	5	5	1502	3475	3474	442	441	3366	1505	1504	1503
1249	5	5	446	3451	877	886	885	448	447
1250	5	5	1638	2675	2674	1639
1251	5	5	2002	3280	2003
1252	5	5	2006	2673	2007
1253	5	5	711	2800	2209	2208	712
1254	5	5	909	3014	910
1255	5	5	826	3520	328	327	3415	827
1256	5	5	1044	2617	1045
1257	5	5	1811	2950	1812
1258	5	5	1530	2580	1531
1259	5	5	617	2990	618
1260	5	5	1738	3107	1740	1739
1261	5	5	655	2612	656
1262	5	5	286	3512	3110	287
