0	5	5	0	1	2	3	4	5
1	5	5	6	7	8	9	10	11	0	5	12
2	5	5	13	6	12	14
3	5	5	15	16	17	13	14	18
4	5	5	19	20	21	22	15	18	23
5	5	5	24	19	23	25
6	5	5	26	27	28	29	30	31	32	24	25	33
7	5	5	34	35	36	26	33	37
8	5	5	38	34	37	39
9	5	5	40	41	42	43	44	38	39	45
10	5	5	46	47	40	45	48
11	5	5	49	50	51	52	46	48	53
12	5	5	54	55	49	53	56
13	5	5	57	58	54	56	59
14	5	5	60	61	57	59	62
15	5	5	63	64	65	60	62	66
16	5	5	63	66	67
17	5	5	68	69	64	63	67	70
18	5	5	71	72	73	68	70	74
19	5	5	75	71	74	76
20	5	5	77	78	79	80	81	82	83	75	76	84
21	5	5	85	77	84	86
22	5	5	87	88	85	86	89
23	5	5	90	91	92	93	87	89	94
24	5	5	95	96	97	98	90	94	99
25	5	5	100	95	99	101
26	5	5	102	103	104	105	106	100	101	107
27	5	5	108	109	110	102	107	111
28	5	5	112	113	108	111	114
29	5	5	115	116	112	114	117
30	5	5	118	119	120	121	122	115	117	123
31	5	5	124	118	123	125
32	5	5	126	127	128	129	130	124	125	131
33	5	5	132	133	134	135	126	131	136
34	5	5	137	138	132	136	139
35	5	5	140	141	142	143	144	137	139	145
36	5	5	146	147	148	149	150	140	145	151
37	5	5	152	153	154	155	156	157	158	159	146	151	160
38	5	5	161	152	160	162
39	5	5	163	164	165	161	162	166
40	5	5	167	168	163	166	169
41	5	5	170	167	169	171
42	5	5	172	168	167	170	173
43	5	5	174	175	176	172	173	177
44	5	5	178	174	177	179
45	5	5	180	181	178	179	182
46	5	5	183	184	185	180	182	186
47	5	5	187	188	183	186	189
48	5	5	190	191	192	193	194	187	189	195
49	5	5	196	190	195	197
50	5	5	198	196	197	199
51	5	5	200	201	202	203	198	199	204
52	5	5	205	206	200	204	207
53	5	5	208	209	210	205	207	211
54	5	5	212	213	214	208	211	215
55	5	5	216	217	218	219	220	221	212	215	222
56	5	5	216	222	223
57	5	5	224	225	226	217	216	223	227
58	5	5	228	229	230	231	232	233	234	224	227	235
59	5	5	236	237	238	228	235	239
60	5	5	240	241	242	243	236	239	244
61	5	5	245	246	247	248	249	250	240	244	251
62	5	5	252	253	245	251	254
63	5	5	255	256	252	254	257
64	5	5	258	259	260	255	257	261
65	5	5	262	258	261	263
66	5	5	264	265	266	267	268	262	263	269
67	5	5	270	271	272	273	264	269	274
68	5	5	275	270	274	276
69	5	5	277	278	279	280	275	276	281
70	5	5	282	277	281	283
71	5	5	284	282	283	285
72	5	5	286	287	288	284	285	289
73	5	5	290	286	289	291
74	5	5	292	293	294	295	296	290	291	297
75	5	5	298	299	300	301	292	297	302
76	5	5	303	304	298	302	305
77	5	5	306	307	308	303	305	309
78	5	5	310	311	312	313	314	315	306	309	316
79	5	5	317	310	316	318
80	5	5	319	317	318	320
81	5	5	321	322	323	319	320	324
82	5	5	325	326	327	328	329	322	321	330
83	5	5	331	325	330	332
84	5	5	333	334	331	332	335
85	5	5	336	333	335	337
86	5	5	338	339	340	341	342	336	337	343
87	5	5	344	345	346	338	343	347
88	5	5	348	349	350	344	347	351
89	5	5	352	348	351	353
90	5	5	354	352	353	355
91	5	5	356	357	354	355	358
92	5	5	359	360	361	362	363	364	356	358	365
93	5	5	359	365	366
94	5	5	367	368	360	359	366	369
95	5	5	370	371	372	373	374	367	369	375
96	5	5	376	370	375	377
97	5	5	378	379	376	377	380
98	5	5	381	382	383	384	378	380	385
99	5	5	386	381	385	387
100	5	5	388	389	390	391	392	393	394	395	386	387	396
101	5	5	397	398	399	388	396	400
102	5	5	401	402	403	404	405	406	407	397	400	408
103	5	5	409	401	408	410
104	5	5	411	412	413	414	409	410	415
105	5	5	416	417	418	411	415	419
106	5	5	420	421	422	416	419	423
107	5	5	424	420	423	425
108	5	5	426	427	428	429	430	424	425	431
109	5	5	432	426	431	433
110	5	5	434	435	436	432	433	437
111	5	5	438	439	434	437	440
112	5	5	441	442	443	438	440	444
113	5	5	445	446	441	444	447
114	5	5	448	449	450	445	447	451
115	5	5	452	453	454	448	451	455
116	5	5	456	457	452	455	458
117	5	5	459	460	461	456	458	462
118	5	5	463	464	465	466	459	462	467
119	5	5	468	469	470	463	467	471
120	5	5	472	473	468	471	474
121	5	5	475	476	477	472	474	478
122	5	5	479	475	478	480
123	5	5	481	482	476	475	479	483
124	5	5	484	485	486	481	483	487
125	5	5	488	489	490	484	487	491
126	5	5	492	493	488	491	494
127	5	5	495	492	494	496
128	5	5	497	498	495	496	499
129	5	5	500	501	497	499	502
130	5	5	503	504	505	500	502	506
131	5	5	507	503	506	508
132	5	5	509	510	511	512	507	508	513
133	5	5	514	515	509	513	516
134	5	5	514	516	517
135	5	5	518	519	520	521	522	523	515	514	517	524
136	5	5	525	518	524	526
137	5	5	527	528	525	526	529
138	5	5	530	531	527	529	532
139	5	5	533	534	535	530	532	536
140	5	5	537	538	533	536	539
141	5	5	540	541	537	539	542
142	5	5	543	544	540	542	545
143	5	5	546	547	548	543	545	549
144	5	5	550	551	552	553	546	549	554
145	5	5	555	556	550	554	557
146	5	5	558	559	555	557	560
147	5	5	561	558	560	562
148	5	5	563	564	565	561	562	566
149	5	5	567	568	569	563	566	570
150	5	5	571	572	573	567	570	574
151	5	5	575	571	574	576
152	5	5	577	578	579	580	581	575	576	582
153	5	5	583	577	582	584
154	5	5	585	586	587	588	583	584	589
155	5	5	2	590	591	585	589	3
156	5	5	592	593	594	595	596
157	5	5	597	598	599	600	601	596	595
158	5	5	602	603	597	595	594
159	5	5	604	605	602	594	593
160	5	5	606	607	608	609	604	593	592
161	5	5	601	610	606	592	596
162	5	5	611	612	613	614	615
163	5	5	616	617	618	615	614
164	5	5	619	620	621	622	623	624	625	626	616	614	613
165	5	5	627	628	629	630	619	613	612
166	5	5	631	632	633	634	635	627	612	611
167	5	5	618	636	637	631	611	615
168	4	4	476	482	638	639	640	641	642	643	473	472	477
169	5	5	644	645	646	647	648	649	650	651	652
170	5	5	653	654	652	651
171	5	5	135	134	655	656	657	658	653	651	650
172	5	5	127	126	135	650	649
173	5	5	659	660	661	121	120	128	127	649	648
174	5	5	662	663	664	665	666	659	648	647
175	2	2	645	644	667	668	669	670	671	672	673	674	675	676	677	678	679	680	681	682	683	684	685	686	662	647	646
176	5	5	654	687	688	689	668	667	644	652
177	5	5	690	691	175	174	178	181
178	5	5	692	693	176	175	691
179	5	5	694	695	696	697	692	691	690
180	5	5	180	185	694	690	181
181	5	5	698	699	700	701	702	703	704	705	706	707
182	5	5	708	709	710	711	707	706
183	5	5	712	713	714	715	708	706	705
184	5	5	716	717	712	705	704
185	5	5	718	719	720	721	722	723	716	704	703
186	5	5	724	725	726	718	703	702
187	5	5	727	728	724	702	701
188	5	5	729	730	731	727	701	700
189	3	3	698	707	711	710	732	733	734	735	736	737	738	739	740	741	742	743	744	745	746	747	748	749	729	700	699
190	5	5	750	751	752	753	754
191	5	5	755	756	757	758	759	760	754	753
192	5	5	761	762	763	755	753	752
193	5	5	764	765	761	752	751
194	5	5	766	767	768	764	751	750
195	5	5	760	769	770	771	766	750	754
196	5	5	772	773	774	775	776	777
197	3	3	778	779	780	781	782	783	784	785	786	787	788	789	790	791	792	793	777	776
198	5	5	778	776	775
199	5	5	794	795	796	797	798	779	778	775	774
200	3	3	772	799	800	801	802	803	804	805	806	807	808	795	794	774	773
201	5	5	793	792	809	810	811	800	799	772	777
202	5	5	812	813	814	815	816	817
203	5	5	818	819	820	821	817	816
204	5	5	822	823	824	818	816	815
205	5	5	825	826	827	828	822	815	814
206	5	5	829	830	831	832	233	232	825	814	813
207	5	5	829	813	812
208	5	5	821	833	830	829	812	817
209	5	5	834	835	836	837	838
210	5	5	839	840	841	838	837
211	5	5	842	843	844	839	837	836
212	5	5	845	846	842	836	835
213	5	5	847	848	849	850	851	852	853	845	835	834
214	5	5	841	854	855	856	857	858	847	834	838
215	5	5	859	860	861	862	863	864	865	866
216	5	5	867	609	608	868	869	870	866	865
217	5	5	871	867	865	864
218	5	5	872	873	874	875	876	877	878	879	880	881	746	745	744	871	864	863
219	5	5	882	883	884	885	872	863	862
220	2	2	860	859	886	887	888	889	890	891	892	893	894	895	896	897	898	899	900	901	902	903	904	882	862	861
221	5	5	870	905	906	886	859	866
222	5	5	907	908	528	527	531
223	5	5	535	909	907	531	530
224	5	5	910	911	912	913	914	915	916
225	5	5	917	918	919	920	921	916	915
226	5	5	466	465	917	915	914
227	5	5	922	460	459	466	914	913
228	5	5	923	924	922	913	912
229	5	5	925	926	927	923	912	911
230	5	5	928	929	925	911	910
231	5	5	921	930	931	932	928	910	916
232	5	5	933	934	935	936	937	938	939
233	5	5	940	941	939	938
234	5	5	942	943	944	945	946	947	940	938	937
235	5	5	948	949	942	937	936
236	5	5	950	951	952	953	948	936	935
237	2	2	933	954	955	956	957	958	959	960	961	962	963	964	965	966	967	968	969	951	950	935	934
238	5	5	941	970	954	933	939
239	5	5	971	972	973	974
240	5	5	547	546	553	974	973
241	5	5	975	976	977	548	547	973	972
242	5	5	978	979	980	981	975	972	971
243	5	5	553	552	982	983	978	971	974
244	5	5	984	985	986	987	988
245	5	5	989	990	991	992	993	988	987
246	5	5	994	995	996	997	989	987	986
247	5	5	998	999	1000	1001	1002	994	986	985
248	5	5	1003	1004	1005	1006	1007	998	985	984
249	5	5	993	1008	1009	1003	984	988
250	5	5	1010	1011	1012	1013	1014	1015	1016	1017
251	5	5	1018	1019	1020	1021	1017	1016
252	5	5	1022	1023	1024	1025	1018	1016	1015
253	5	5	1026	1027	1022	1015	1014
254	5	5	1028	1029	1026	1014	1013
255	5	5	1030	1031	1032	1033	1028	1013	1012
256	5	5	1034	1035	1030	1012	1011
257	5	5	1036	1037	1038	1034	1011	1010
258	5	5	1021	1039	1040	1036	1010	1017
259	5	5	1041	1042	1043	1044
260	5	5	1045	1046	1047	1048	1044	1043
261	5	5	1049	1050	1045	1043	1042
262	5	5	1051	1052	1053	1054	1055	1049	1042	1041
263	5	5	1048	1056	1057	1051	1041	1044
264	5	5	1058	1059	1060	1061
265	5	5	1062	1063	1064	1065	1066	1067	1061	1060
266	5	5	1068	1069	1070	1071	1072	1062	1060	1059
267	5	5	1073	1074	1075	1068	1059	1058
268	5	5	1067	1073	1058	1061
269	5	5	1076	1077	373	372
270	5	5	1078	1079	1076	372	371
271	5	5	376	379	1080	1081	1082	1078	371	370
272	5	5	1083	368	367	374
273	5	5	1077	1084	1083	374	373
274	5	5	1085	1086	1087	1088
275	5	5	1089	1090	1091	1092	1093	1088	1087
276	5	5	1094	1095	1096	1097	1089	1087	1086
277	5	5	1098	1099	1100	1101	1102	1094	1086	1085
278	5	5	1093	1103	1104	1105	1106	1107	1098	1085	1088
279	5	5	1108	1109	1110	1111	1112	1113	1114
280	5	5	1082	1081	1115	1114	1113
281	5	5	1116	1117	1079	1078	1082	1113	1112
282	5	5	1118	1119	1116	1112	1111
283	5	5	1120	1121	1122	1118	1111	1110
284	4	4	1108	1123	1124	1125	1126	1127	1128	1129	1130	1131	1132	1133	1134	1135	1136	1137	1121	1120	1110	1109
285	5	5	1115	1138	1139	1140	1123	1108	1114
286	5	5	1141	1142	1143	91	90	98
287	5	5	1144	1145	1146	1141	98	97
288	5	5	1147	1144	97	96
289	5	5	100	106	1147	96	95
290	5	5	1148	1149	1150	1151	820	819	1152
291	5	5	818	824	1153	1154	1155	1152	819
292	5	5	1156	1157	1158	833	821	820	1151
293	5	5	1159	1160	1156	1151	1150
294	5	5	1161	1162	1163	1164	1165	1159	1150	1149
295	5	5	1166	1167	1161	1149	1148
296	5	5	1155	1168	1169	1166	1148	1152
297	5	5	1170	1171	1172	1173	1174	1175	1176
298	5	5	1177	1178	1176	1175
299	5	5	1179	1180	1177	1175	1174
300	5	5	1181	1182	1183	1179	1174	1173
301	5	5	1184	1185	1186	1187	1188	1181	1173	1172
302	2	2	1170	1189	1190	1191	1192	1193	1194	1195	1196	1197	1198	1199	1200	1201	1202	1203	1204	1184	1172	1171
303	5	5	1178	1205	1206	1207	1208	1209	1210	1189	1170	1176
304	5	5	1211	1212	1213	1214	1215	1216
305	5	5	1217	1218	1219	1216	1215
306	5	5	1220	1221	1222	1223	1224	1225	1217	1215	1214
307	5	5	1226	1227	1220	1214	1213
308	5	5	1228	1229	1230	1226	1213	1212
309	5	5	1231	1232	1233	1228	1212	1211
310	5	5	1219	1234	1235	1231	1211	1216
311	5	5	1236	1237	1099	1098	1107
312	5	5	1238	1236	1107	1106
313	5	5	1239	1240	1241	1242	1243	1238	1106	1105
314	3	3	1103	1093	1092	1244	1245	1246	1247	1248	1249	1250	1251	1252	1253	1254	1255	1256	1240	1239	1105	1104
315	5	5	1257	1258	1259	1260	1261
316	3	3	1259	1262	1263	1264	1265	1266	1267	1268	1269	1270	1271	1272	1273	1274	1261	1260
317	5	5	1275	1276	1277	1262	1259	1258
318	5	5	1278	1279	1280	1281	1275	1258	1257
319	5	5	1274	1273	1282	1283	1284	1278	1257	1261
320	5	5	1285	1286	1252	1251	1250	1249	1287	1288	1289	1290	1291
321	5	5	1292	1293	1294	1291	1290
322	5	5	1295	1292	1290	1289
323	4	4	1287	1296	1297	1298	1299	1300	1301	1302	1303	1304	1305	1306	1307	1308	1309	1295	1289	1288
324	5	5	1248	1310	1311	1297	1296	1287	1249
325	5	5	1312	1313	1314	1315	1253	1252	1286
326	5	5	1316	1317	1318	1312	1286	1285
327	5	5	1294	1319	1316	1285	1291
328	5	5	1320	1321	1322	1323	1324	1325
329	5	5	1326	1327	1328	1325	1324
330	5	5	1329	1330	1331	1332	1333	1326	1324	1323
331	5	5	1334	1335	1336	1337	1338	1339	1329	1323	1322
332	5	5	1340	1341	1334	1322	1321
333	5	5	1342	1340	1321	1320
334	5	5	1328	1343	1344	1342	1320	1325
335	5	5	1345	328	327	848	847	858
336	5	5	1346	1347	1348	1345	858	857
337	5	5	1349	1350	1351	1346	857	856
338	5	5	1352	1353	1354	1349	856	855
339	5	5	1355	1352	855	854
340	5	5	840	1356	1357	1355	854	841
341	5	5	1358	1359	796	795	808	807
342	1	1	1358	1360	1361	1362	1363	1364	1365	1366	1367	1368	1369	1370	1371	1372	1373	1374	1375	798	797	796	1359
343	5	5	806	805	1376	1377	1378	1379	1380	1360	1358	807
344	5	5	1381	1382	1383	1384	1385	1386
345	5	5	1387	1388	1389	1386	1385
346	5	5	1056	1048	1047	1387	1385	1384
347	5	5	1390	1391	1057	1056	1384	1383
348	5	5	1392	1393	1394	1395	1390	1383	1382
349	5	5	1396	1397	1398	1392	1382	1381
350	5	5	1389	1399	1400	1396	1381	1386
351	5	5	1401	1402	1403	1404	1035	1034	1038
352	5	5	1405	1406	1407	1408	1401	1038	1037
353	5	5	1040	1405	1037	1036
354	5	5	1409	1410	1411	1412	1413	1414	1415
355	5	5	1416	1417	1418	1419	1415	1414
356	5	5	1420	1421	1422	1416	1414	1413
357	3	3	1411	1410	1423	1424	1425	1426	1427	1428	1429	1430	1431	1432	1433	1434	1435	1436	1437	1438	1439	1440	1441	1442	1443	1420	1413	1412
358	5	5	1444	1445	1446	1423	1410	1409
359	5	5	1419	1444	1409	1415
360	5	5	1303	1302	1301	1447	1448	1449
361	5	5	1450	1451	1452	1453	1449	1448
362	3	3	1454	79	78	77	85	88	87	93	92	1455	1451	1450	1448	1447
363	5	5	1300	1299	1456	1457	80	79	1454	1447	1301
364	5	5	1453	1458	1305	1304	1303	1449
365	5	5	1459	1460	1461	1462	1140	1139	1463
366	5	5	1138	1464	1465	1466	1467	1463	1139
367	5	5	1468	1127	1126	1125	1124	1123	1140	1462
368	5	5	1469	1470	1468	1462	1461
369	5	5	1471	1472	1473	1474	1475	1476	1477	1469	1461	1460
370	5	5	1478	1479	1471	1460	1459
371	5	5	1467	1480	392	391	1481	1482	1483	1478	1459	1463
372	5	5	1484	1485	1486	1487	1488
373	5	5	1489	1490	1491	1492	1493	1488	1487
374	5	5	1494	1495	1496	1489	1487	1486
375	5	5	1497	1498	1499	1500	1501	1494	1486	1485
376	5	5	1502	1503	1504	1497	1485	1484
377	5	5	1493	1505	1506	1507	1502	1484	1488
378	5	5	946	945	1508	1509	1510
379	5	5	1511	1512	1513	1514	1510	1509
380	5	5	1515	1516	1517	1511	1509	1508
381	5	5	944	1518	1519	1515	1508	945
382	5	5	1514	1520	1521	1522	947	946	1510
383	5	5	1523	1524	1525	1526	1527	1528	1529
384	3	3	1530	1531	1532	1533	1534	1535	1536	1537	1538	1539	1540	1541	1542	1543	1544	1545	1546	1547	1548	1549	1550	1551	1552	1529	1528
385	5	5	1553	1531	1530	1528	1527
386	5	5	1554	1553	1527	1526
387	5	5	1555	1554	1526	1525
388	5	5	1556	1557	1558	1555	1525	1524
389	3	3	1559	1560	1561	1562	1563	1564	1565	1566	1567	1568	1569	1570	1571	1572	1573	1574	1557	1556	1524	1523
390	5	5	1552	1551	1559	1523	1529
391	5	5	1575	1576	1577	1578	1579	1580
392	5	5	1581	1582	1583	1584	1580	1579
393	5	5	1585	1586	1581	1579	1578
394	5	5	1587	1588	1589	1585	1578	1577
395	3	3	1590	1591	1592	1593	273	272	271	270	275	280	279	1594	1595	1588	1587	1577	1576
396	5	5	1596	1591	1590	1576	1575
397	5	5	1584	1597	1598	1599	1600	1596	1575	1580
398	5	5	1269	1268	1267	1601	1602
399	5	5	1603	1604	1605	1606	1607	1602	1601
400	5	5	1266	1608	1609	1610	1611	1603	1601	1267
401	5	5	1607	1612	1613	1614	1271	1270	1269	1602
402	5	5	1615	1616	1617	1618
403	5	5	1619	1620	1621	1622	1618	1617
404	5	5	1623	1624	1625	1626	1619	1617	1616
405	5	5	1627	1628	1623	1616	1615
406	5	5	1622	1629	1630	1631	1627	1615	1618
407	5	5	1632	1633	1634	1635	1636	1637
408	5	5	1638	1639	1640	1641	1642	1637	1636
409	5	5	1643	1644	1645	1638	1636	1635
410	4	4	1633	1646	1647	1648	1649	1650	1651	1652	1653	1654	1655	1656	1657	1658	1643	1635	1634
411	5	5	1659	1660	1661	1647	1646	1633	1632
412	5	5	1642	1662	1659	1632	1637
413	5	5	1663	1664	1665	1666
414	5	5	1667	1668	1669	1670	1671	1666	1665
415	5	5	1672	1673	1674	1675	1667	1665	1664
416	5	5	1676	1677	1672	1664	1663
417	5	5	1671	1678	1679	1680	1676	1663	1666
418	5	5	1681	1682	1683	1684	1685
419	5	5	1686	1687	1688	1689	1690	1691	1692	1685	1684
420	5	5	1693	1694	1695	1686	1684	1683
421	5	5	1696	1697	1693	1683	1682
422	2	2	1698	1699	1700	1701	1702	1703	1704	1705	1706	1707	1708	1709	1710	1711	1712	1713	1697	1696	1682	1681
423	5	5	1692	1714	1715	1699	1698	1681	1685
424	5	5	1716	1717	1718	1119	1118	1122	1719	1720
425	5	5	1721	1722	1723	1720	1719
426	5	5	1121	1137	1136	1724	1721	1719	1122
427	5	5	1725	1726	1727	1117	1116	1119	1718
428	4	4	1716	1728	1729	1730	1731	1732	1733	1734	1735	1736	1737	1738	1726	1725	1718	1717
429	5	5	1723	1739	1740	1741	1730	1729	1728	1716	1720
430	5	5	1742	1743	1744	1745	1746	1747
431	5	5	1748	1749	1750	1751	1747	1746
432	5	5	1752	1753	1748	1746	1745
433	5	5	1754	1755	1756	1752	1745	1744
434	5	5	1757	1758	1759	1760	1754	1744	1743
435	5	5	1761	1762	1763	1764	1757	1743	1742
436	5	5	1751	1765	1766	1767	1761	1742	1747
437	5	5	1184	1204	1203	1768	1185
438	5	5	1769	1770	1771	1772	1773	1186	1185	1768
439	5	5	1202	1774	1775	1769	1768	1203
440	5	5	674	673	1776	1777	1778	1779	1780	1781
441	5	5	1782	1783	1784	1785	1786	1781	1780
442	5	5	1787	1788	1789	1790	1791	1782	1780	1779
443	5	5	1792	1793	1794	1787	1779	1778
444	4	4	1776	1795	1796	1797	1798	1799	1800	1801	1802	1803	1793	1792	1778	1777
445	5	5	672	1804	1795	1776	673
446	5	5	1786	1805	675	674	1781
447	5	5	1806	1807	1808	1809	1810	1811	1812	1813	1814
448	5	5	1368	1367	1366	1365	1815	1816	1817	1818	1819	1820	1814	1813
449	5	5	1821	1822	1370	1369	1368	1813	1812
450	5	5	1823	1824	1825	1826	1827	1828	1821	1812	1811
451	5	5	1829	1830	1823	1811	1810
452	5	5	1831	1832	1833	1829	1810	1809
453	3	3	1807	1806	1834	1835	1836	1837	1838	1839	1840	1841	1842	1843	1844	1832	1831	1809	1808
454	5	5	1820	1835	1834	1806	1814
455	5	5	1845	832	831	1846	1847
456	5	5	1848	1849	1850	1851	1852	1847	1846
457	5	5	830	833	1158	1848	1846	831
458	5	5	234	233	832	1845
459	5	5	1852	225	224	234	1845	1847
460	5	5	1853	1854	1855	1856
461	5	5	1857	1858	1859	1856	1855
462	5	5	1860	1861	1862	1857	1855	1854
463	2	2	1863	1864	1865	1866	1867	1868	1869	1870	1871	1872	1873	1874	1875	1876	1877	1878	1879	1880	1881	1882	1883	1884	1885	1886	1887	1861	1860	1854	1853
464	5	5	1859	1888	1889	1890	1863	1853	1856
465	5	5	1891	1892	1893	1894	1895
466	5	5	1896	1897	1898	1895	1894
467	5	5	1899	1900	1896	1894	1893
468	5	5	1901	1902	1903	1899	1893	1892
469	5	5	1904	1573	1572	1571	1905	1906	1907	1901	1892	1891
470	5	5	1898	1908	1909	1904	1891	1895
471	5	5	1273	1272	1271	1614	1910	1282
472	5	5	1911	1912	1283	1282	1910
473	5	5	1613	1913	1911	1910	1614
474	5	5	184	1914	1915	695	694	185
475	5	5	1916	1917	1918	1919	1920	1921
476	5	5	1922	1923	1924	1925	1921	1920
477	5	5	1926	1927	1922	1920	1919
478	5	5	1928	1929	1930	1926	1919	1918
479	5	5	1931	1932	1933	1934	1928	1918	1917
480	5	5	1935	1936	1931	1917	1916
481	5	5	1925	1937	1938	1939	1935	1916	1921
482	5	5	1940	932	931	1941	1942	1943	1944	1945	1946
483	5	5	1947	1948	1949	1950	1946	1945
484	5	5	1951	1952	1953	1954	1955	1947	1945	1944
485	5	5	1956	1957	1951	1944	1943
486	5	5	1958	490	489	1956	1943	1942
487	5	5	1959	1960	486	485	1958	1942	1941
488	5	5	930	1961	1959	1941	931
489	5	5	1962	929	928	932	1940
490	5	5	1950	1963	1962	1940	1946
491	5	5	1068	1075	1964	1069
492	5	5	1965	1966	1967	1070	1069	1964
493	5	5	1074	1968	1969	1970	1971	1965	1964	1075
494	5	5	1886	1885	1884	1972	892	891
495	5	5	1973	1974	1975	1976	894	893	892	1972
496	5	5	1883	1882	1973	1972	1884
497	5	5	890	889	1977	1862	1861	1887	1886	891
498	5	5	1978	1979	1980	1981	1982	1983	1984
499	5	5	1985	1986	1987	1984	1983
500	5	5	1988	1989	1985	1983	1982
501	5	5	1990	1991	1992	1993	1994	1995	1996	1988	1982	1981
502	5	5	1997	1998	1990	1981	1980
503	2	2	1978	1999	2000	2001	2002	2003	2004	2005	2006	2007	2008	2009	2010	2011	2012	2013	2014	2015	2016	2017	2018	2019	2020	1997	1980	1979
504	5	5	1987	2021	2022	1999	1978	1984
505	5	5	2023	2024	2025	1569	1568	2026	2027
506	5	5	2028	2029	2030	2031	2032	2027	2026
507	5	5	1567	1566	2033	2034	2035	2028	2026	1568
508	5	5	1905	1571	1570	1569	2025
509	5	5	767	766	771	1906	1905	2025	2024
510	5	5	2036	768	767	2024	2023
511	5	5	2032	2037	2038	2036	2023	2027
512	5	5	2015	2014	2013	2039	2040
513	2	2	2041	2042	2043	2044	2045	2046	2047	2048	2049	2050	2051	2052	2053	2054	2055	2056	2057	2058	2040	2039
514	5	5	2012	2011	2042	2041	2039	2013
515	5	5	2058	2057	2059	2060	2061	2062	2063	2017	2016	2015	2040
516	5	5	138	137	144
517	4	4	142	2064	2065	2066	2067	2068	657	656	655	134	133	132	138	144	143
518	5	5	2069	2070	2071	2072	2065	2064	142	141
519	5	5	150	2073	2069	141	140
520	5	5	2074	2075	430	429	2076	1516	1515	1519	2077
521	5	5	1518	2078	2079	2080	2077	1519
522	5	5	2081	2082	2083	1517	1516	2076
523	5	5	428	2081	2076	429
524	5	5	421	420	424	430	2075
525	5	5	2084	422	421	2075	2074
526	5	5	2080	2085	2084	2074	2077
527	5	5	2086	2087	2088	2089	2090	2091	1915	1914
528	5	5	183	188	2092	2086	1914	184
529	5	5	2091	2093	2094	696	695	1915
530	5	5	2095	2096	2097	2098	2099
531	5	5	2100	2101	2102	2103	2104	2099	2098
532	5	5	2105	2100	2098	2097
533	5	5	2106	2107	2108	2109	2105	2097	2096
534	5	5	2110	2111	2112	2113	2106	2096	2095
535	5	5	2104	2114	2115	2110	2095	2099
536	5	5	2116	2117	2118	2119	2120	2121
537	5	5	2122	2123	2124	2121	2120
538	5	5	1429	1428	1427	2125	2122	2120	2119
539	5	5	2126	2127	1431	1430	1429	2119	2118
540	5	5	2128	2129	2130	2126	2118	2117
541	5	5	2131	2132	2133	2134	2128	2117	2116
542	5	5	2124	2135	2131	2116	2121
543	5	5	2136	2137	2029	2028	2035
544	5	5	2138	2139	2140	2136	2035	2034
545	5	5	2141	2142	2143	2138	2034	2033
546	5	5	1565	2144	2141	2033	1566
547	5	5	2145	2146	2147	2148	2149	2150	2151	2152	2153	2154
548	5	5	2155	2156	2157	2154	2153
549	2	2	2151	2158	2159	983	982	552	551	550	556	555	559	2160	2161	2162	2163	2164	2165	2166	2167	2155	2153	2152
550	5	5	2168	2159	2158	2151	2150
551	5	5	2169	2170	2171	2172	2173	980	979	2168	2150	2149
552	3	3	2147	2174	2175	2176	2177	2178	2179	2180	2181	2182	2183	2184	2185	2186	2187	2188	2189	2190	2191	2192	2193	2194	2195	2196	2170	2169	2149	2148
553	5	5	2176	2175	2174	2147	2146
554	5	5	2197	2198	2199	2177	2176	2146	2145
555	5	5	2157	2200	2201	2202	2197	2145	2154
556	5	5	2203	2204	2205	2206	457	456	461
557	5	5	2207	453	452	457	2206
558	5	5	2208	2207	2206	2205
559	5	5	2209	2210	2208	2205	2204
560	5	5	924	923	927	2211	2212	2213	2209	2204	2203
561	5	5	460	922	924	2203	461
562	5	5	2214	2215	2216	493	492	495	498
563	5	5	501	2217	2218	2214	498	497
564	5	5	2219	2220	1234	1219	1218
565	5	5	1225	2221	2222	2219	1218	1217
566	5	5	2223	2224	2225	2226	2227	2228
567	5	5	246	245	253	2228	2227
568	5	5	2229	2230	247	246	2227	2226
569	5	5	2231	2232	2233	2234	2235	2229	2226	2225
570	5	5	2236	2237	2238	2239	2231	2225	2224
571	5	5	2240	2241	2236	2224	2223
572	5	5	253	252	256	2240	2223	2228
573	5	5	2242	2243	2244	2245	1816	1815	2246
574	5	5	1365	1364	1363	2247	2248	2249	2250	2251	2246	1815
575	3	3	2244	2252	2253	2254	2255	2256	2257	2258	2259	2260	2261	1819	1818	1817	1816	2245
576	5	5	2262	624	623	2253	2252	2244	2243
577	5	5	2263	2262	2243	2242
578	5	5	2251	2264	2263	2242	2246
579	5	5	2265	2266	2267	2268	209	208	214
580	4	4	221	220	219	2269	2270	2271	2272	2273	2274	2275	2276	2267	2266	2265	214	213
581	5	5	221	213	212
582	5	5	2277	2278	2279	2280	2281	2282	2283
583	5	5	2114	2104	2103	2284	2283	2282
584	5	5	2115	2114	2282	2281
585	5	5	2285	2111	2110	2115	2281	2280
586	5	5	2286	2287	2288	2289	2285	2280	2279
587	5	5	2290	2291	2292	2293	2294	2286	2279	2278
588	5	5	2295	2296	2297	2298	2290	2278	2277
589	5	5	2284	2299	2300	2295	2277	2283
590	5	5	2301	2302	2303	2304	2305	2306	2307
591	5	5	2308	2309	2310	2307	2306
592	5	5	2311	1425	1424	1423	1446	2312	2308	2306	2305
593	5	5	2313	2314	2315	2311	2305	2304
594	5	5	2316	2317	2133	2132	2313	2304	2303
595	2	2	2301	2318	2319	2320	2321	2322	2323	2324	2325	2326	2327	2328	2329	2330	2331	2332	2333	2334	2335	2336	2337	2317	2316	2303	2302
596	5	5	2310	2338	2318	2301	2307
597	5	5	2339	2340	2341	2342	2343
598	5	5	2344	2345	2346	2347	2348	2349	2350	2343	2342
599	5	5	2351	2352	2344	2342	2341
600	5	5	2353	2354	2355	2356	2357	2351	2341	2340
601	5	5	682	681	680	2353	2340	2339
602	5	5	2350	2358	2359	683	682	2339	2343
603	5	5	1163	1162	2360	2361	2362	2363
604	5	5	2364	2365	2366	2363	2362
605	5	5	2367	2368	2369	2370	2371	2364	2362	2361
606	5	5	2372	2373	2374	2375	2367	2361	2360
607	5	5	1161	1167	2372	2360	1162
608	5	5	2366	2376	2377	1164	1163	2363
609	5	5	2378	2379	2380	2381	2382	2383	2384
610	5	5	2385	2386	2387	2384	2383
611	5	5	2388	2389	2390	2385	2383	2382
612	5	5	2391	2392	2393	2394	2395	2396	2388	2382	2381
613	5	5	2397	2398	2399	2400	2401	2391	2381	2380
614	5	5	2402	2403	2404	2405	2406	2397	2380	2379
615	5	5	2407	2408	2402	2379	2378
616	5	5	2387	2409	2410	2407	2378	2384
617	5	5	2411	2412	2413	2414	2415	2416
618	5	5	2417	2418	2419	2420	2421	2422	2416	2415
619	5	5	2423	2424	2425	2417	2415	2414
620	5	5	2426	2427	2423	2414	2413
621	5	5	2428	2429	2426	2413	2412
622	5	5	2430	2431	2428	2412	2411
623	5	5	2422	2432	2433	2434	2430	2411	2416
624	5	5	2256	2255	2254	2435	2436	2437	2438	2439	2440
625	5	5	2441	2442	2443	2440	2439
626	5	5	2444	2445	2446	2447	2441	2439	2438
627	5	5	2448	629	628	2444	2438	2437
628	4	4	2435	622	621	620	619	630	629	2448	2437	2436
629	5	5	2253	623	622	2435	2254
630	5	5	2443	2449	2450	2451	2258	2257	2256	2440
631	5	5	194	2452	2092	188	187
632	5	5	2453	2454	2455	2456	2457	2458	2459	2460
633	5	5	2461	2462	2463	2464	2460	2459
634	5	5	2465	2466	2467	2468	2461	2459	2458
635	5	5	2469	2470	2471	2472	2465	2458	2457
636	5	5	2473	2474	2469	2457	2456
637	5	5	2475	2476	2473	2456	2455
638	5	5	2477	2478	2479	2475	2455	2454
639	5	5	2480	2481	2482	2483	2477	2454	2453
640	5	5	2464	2484	2480	2453	2460
641	5	5	2485	2486	2487	2488	2489	2490	2491	2492
642	5	5	2493	2494	2495	2496	2497	2498	2499	2500	2492	2491
643	4	4	2501	2502	2503	2504	2505	2506	2507	2495	2494	2493	2491	2490
644	5	5	2508	2509	2502	2501	2490	2489
645	5	5	2510	2511	2508	2489	2488
646	5	5	2512	2513	2514	2510	2488	2487
647	4	4	2485	2515	2516	2517	2518	2519	2520	2521	2522	2523	2513	2512	2487	2486
648	5	5	2500	2524	2525	2526	2527	2528	2529	2517	2516	2515	2485	2492
649	5	5	1096	1095	2530	2531
650	5	5	2532	2533	2534	2535	2531	2530
651	5	5	1094	1102	2536	2537	2532	2530	1095
652	5	5	2535	2538	2539	1097	1096	2531
653	5	5	2540	2533	2532	2537	2541	55	54	58
654	5	5	61	2538	2535	2534	2540	58	57
655	5	5	2542	2543	2544	2545	2546	2547
656	5	5	2548	2549	2547	2546
657	5	5	2550	2551	2552	2553	2548	2546	2545
658	5	5	2554	2555	2550	2545	2544
659	5	5	2556	709	708	715	2557	2554	2544	2543
660	5	5	2558	734	733	2556	2543	2542
661	5	5	2549	1491	1490	2559	2558	2542	2547
662	5	5	1191	1190	1189	1210
663	5	5	2560	2561	2562	2563	1192	1191	1210	1209
664	5	5	2564	2565	2566	2567	2568	2569	2560	1209	1208
665	4	4	1206	1205	2570	2571	2572	2573	2574	2575	2576	2577	2578	2579	2566	2565	2564	1208	1207
666	5	5	1177	1180	2580	2571	2570	1205	1178
667	5	5	2581	2582	2583	2094	2093
668	5	5	2090	2584	2585	2586	2581	2093	2091
669	5	5	2583	2587	2588	697	696	2094
670	5	5	2589	2590	2591	2592	1064	1063	2593
671	5	5	1062	1072	2594	2595	2596	1583	1582	2593	1063
672	5	5	2597	2598	2599	1065	1064	2592
673	5	5	2600	295	294	2597	2592	2591
674	5	5	2601	2602	2600	2591	2590
675	5	5	1586	1585	1589	2601	2590	2589
676	5	5	1582	1581	1586	2589	2593
677	5	5	2603	2604	2605	2606	2607	2608	2609	2610
678	3	3	2608	2611	450	449	448	454	453	2207	2208	2210	2612	2613	2614	2615	2616	2617	2618	2619	2620	2621	2610	2609
679	5	5	446	445	450	2611	2608	2607
680	5	5	2622	2623	2624	442	441	446	2607	2606
681	5	5	2625	2626	2627	2628	2622	2606	2605
682	5	5	2629	2630	2625	2605	2604
683	5	5	2631	2632	2633	2634	2635	2629	2604	2603
684	5	5	2621	2620	2631	2603	2610
685	5	5	2636	1338	1337
686	5	5	2637	2638	2639	2640	2641	1339	1338	2636
687	5	5	1336	2642	2637	2636	1337
688	5	5	119	2643	129	128	120
689	4	4	660	2644	666	665	664	2645	2646	116	115	122	121	661
690	5	5	666	2644	660	659
691	5	5	1626	2647	2648	2649	2650	1620	1619
692	5	5	2651	2652	2653	2234	2233	1621	1620	2650
693	5	5	2654	2655	2651	2650	2649
694	5	5	237	236	243	2654	2649	2648
695	3	3	1626	1625	1624	2656	2657	2658	2659	2660	231	230	229	228	238	237	2648	2647
696	5	5	2661	2662	2663	2664	2665	2666
697	3	3	2667	2668	2669	2670	2671	2672	573	572	571	575	581	580	2673	2674	2675	2666	2665
698	5	5	2676	2677	2678	2679	2680	2667	2665	2664
699	5	5	2681	2682	2676	2664	2663
700	5	5	2683	2684	2685	2681	2663	2662
701	5	5	2686	2687	2683	2662	2661
702	5	5	2675	2674	2688	2689	2690	2686	2661	2666
703	5	5	2687	2691	2692	2684	2683
704	5	5	2642	1336	1335	2693	2694	2685	2684	2692
705	5	5	2695	2696	2638	2637	2642	2692	2691
706	5	5	2686	2690	2695	2691	2687
707	5	5	2450	2697	2698	2699	2700	2451
708	5	5	2260	2259	2258	2451	2700
709	5	5	2701	2702	1838	1837	1836	1835	1820	1819	2261	2260	2700	2699
710	5	5	2703	2704	2705	2701	2699	2698
711	5	5	2706	2707	2708	2709	2710	2703	2698	2697
712	5	5	2449	2706	2697	2450
713	5	5	1900	1899	1903	2711	2712	2713	2714
714	5	5	2715	2716	2717	2714	2713
715	5	5	2718	2719	2720	2715	2713	2712
716	5	5	2721	2722	759	758	2723	2222	2221	2718	2712	2711
717	5	5	1902	2724	2721	2711	1903
718	5	5	2717	2725	2726	2727	1897	1896	1900	2714
719	5	5	2386	2728	2729	2730	2731	2409	2387
720	5	5	2732	2408	2407	2410
721	5	5	2731	2733	2732	2410	2409
722	5	5	1960	640	639	638	482	481	486
723	5	5	490	1958	485	484
724	5	5	2734	2735	2736	2737
725	5	5	2738	2404	2403	2739	2740	2741	2742	2737	2736
726	5	5	2743	2744	2745	2738	2736	2735
727	5	5	2746	2747	2743	2735	2734
728	5	5	2742	2748	2749	2746	2734	2737
729	5	5	2750	2751	2752	2753	2754	2755
730	5	5	2756	2757	1631	1630	2758	2755	2754
731	5	5	898	897	2759	2760	2761	2756	2754	2753
732	5	5	2762	900	899	898	2753	2752
733	5	5	2763	2762	2752	2751
734	5	5	2764	2765	2766	2763	2751	2750
735	5	5	2758	2767	2768	2764	2750	2755
736	5	5	2769	2770	2771	2772	1501	1500	2773	2774
737	5	5	2775	2776	2777	2778	2774	2773
738	5	5	1499	2779	2780	2775	2773	1500
739	5	5	1495	1494	1501	2772
740	5	5	2781	2782	2783	2784	1496	1495	2772	2771
741	5	5	2785	2786	2787	2788	2781	2771	2770
742	5	5	2789	2790	2785	2770	2769
743	5	5	2778	2791	2789	2769	2774
744	5	5	512	2792	504	503	507
745	5	5	2793	2794	2795	2796	2797
746	5	5	2798	2799	2800	2801	2797	2796
747	5	5	2802	2803	2804	2805	2806	2798	2796	2795
748	5	5	2241	2240	256	255	260	2802	2795	2794
749	5	5	2807	2237	2236	2241	2794	2793
750	5	5	2801	2808	2809	2807	2793	2797
751	5	5	2810	2811	2812	1923	1922	1927	2813
752	5	5	1926	1930	2814	2815	2813	1927
753	5	5	2816	2817	2818	2819	2552	2551	1924	1923	2812
754	5	5	2820	2816	2812	2811
755	5	5	2821	2822	2823	2824	2825	2820	2811	2810
756	5	5	2815	2826	2827	2821	2810	2813
757	5	5	2828	2829	678	677	676	675	1805
758	5	5	1785	2830	2828	1805	1786
759	5	5	2831	2832	2833	2834	2835	2836	2837	2838
760	5	5	2839	2840	2841	2842	2838	2837
761	5	5	2843	2844	2845	2846	2839	2837	2836
762	5	5	2847	2848	2843	2836	2835
763	5	5	2849	2850	2851	2847	2835	2834
764	5	5	2852	2849	2834	2833
765	2	2	2831	2853	2854	2855	2856	2857	2858	2859	2860	2861	2862	2863	2864	2865	2866	2867	2868	2869	2870	2871	2852	2833	2832
766	5	5	2842	2872	2873	2854	2853	2831	2838
767	5	5	2874	2875	2681	2685	2694
768	5	5	2876	2877	2420	2419	2874	2694	2693
769	5	5	1334	1341	2878	2879	2880	2881	2876	2693	1335
770	5	5	2882	2883	2884	2885	2886	2887	2888
771	5	5	2889	2890	2891	2888	2887
772	5	5	2892	2889	2887	2886
773	5	5	2893	2894	2895	2896	2892	2886	2885
774	5	5	2897	2898	2893	2885	2884
775	5	5	2899	2900	2901	2902	2897	2884	2883
776	5	5	2903	2904	2899	2883	2882
777	5	5	2891	2905	2903	2882	2888
778	5	5	2528	2906	2907	2908	2519	2518	2517	2529
779	2	2	2526	2909	2910	2911	2912	2913	2914	2915	2916	2917	2918	2919	2906	2528	2527
780	5	5	2920	2921	2922	2909	2526	2525
781	5	5	2923	2924	2925	2926	2927	2920	2525	2524
782	5	5	2499	2928	2923	2524	2500
783	5	5	2929	2930	2725	2717	2716
784	5	5	2567	2566	2579	2578	2577	2726	2725	2930
785	5	5	2931	2568	2567	2930	2929
786	5	5	2715	2720	2932	2933	2931	2929	2716
787	5	5	1100	2934	2935	2936	1101
788	5	5	2937	2536	1102	1101	2936
789	5	5	2938	2937	2936	2935
790	5	5	2939	2940	2941	2938	2935	2934
791	5	5	1099	1237	2942	2943	2939	2934	1100
792	5	5	2944	2945	2946	2947	2948	2949	2950	2951	2952
793	5	5	1009	1008	2953	2954	2952	2951
794	5	5	1004	1003	1009	2951	2950
795	5	5	2955	2956	2957	1005	1004	2950	2949
796	5	5	2958	2959	2955	2949	2948
797	5	5	2960	2961	2962	2958	2948	2947
798	5	5	2963	2964	2965	2966	2967	2960	2947	2946
799	5	5	2968	2969	2970	2963	2946	2945
800	5	5	2971	2972	2973	2974	2968	2945	2944
801	5	5	2954	2975	2971	2944	2952
802	5	5	2976	1645	1644	1764	1763
803	5	5	2977	1640	1639	2976	1763	1762
804	5	5	1767	2977	1762	1761
805	5	5	1644	1643	1658	1657	1656	2978	2979	1758	1757	1764
806	5	5	2980	2981	2872	2842	2841
807	5	5	2982	2983	2980	2841	2840
808	5	5	2846	2984	2982	2840	2839
809	3	3	150	149	148	2985	2986	2987	2988	2989	2990	2991	2992	2993	2994	2995	2996	2997	2998	2999	3000	2070	2069	2073
810	5	5	3001	2598	2597	294	293	3002
811	5	5	292	301	3002	293
812	5	5	3003	2599	2598	3001
813	5	5	301	300	3004	3005	3003	3001	3002
814	5	5	1138	1115	1081	1080	3006	1464
815	5	5	3007	3008	3009	1465	1464	3006
816	5	5	379	378	384	3007	3006	1080
817	5	5	3010	2626	2625	2630	2052	2051
818	5	5	2629	2635	3011	2054	2053	2052	2630
819	5	5	3012	3013	3014	2627	2626	3010
820	5	5	2050	2049	2048	3015	957	956	955	3012	3010	2051
821	5	5	731	730	748	747	746	881	3016	3017	3018	3019	3020	3021
822	5	5	3022	3023	3024	3025	3026	3021	3020
823	5	5	3027	3028	876	875	3022	3020	3019
824	4	4	3017	3016	880	879	878	877	876	3028	3027	3019	3018
825	5	5	880	3016	881
826	5	5	729	749	748	730
827	5	5	3026	728	727	731	3021
828	5	5	3029	3030	3031	3032
829	5	5	3033	3034	3035	3036	3037	3038	3032	3031
830	1	1	3039	3040	3041	3042	3043	3044	3045	3046	3047	3048	3049	3050	3051	3052	3053	3054	3055	3056	3057	3058	3059	3060	3061	3034	3033	3031	3030
831	5	5	3062	3063	3064	3065	3040	3039	3030	3029
832	5	5	3038	3066	3067	3062	3029	3032
833	5	5	3068	3069	3070	3071	3072	3073
834	5	5	3074	3075	3076	3077	3078	10	9	3073	3072
835	3	3	3079	3080	3081	3082	3083	3084	3085	3086	3087	3088	3089	3090	3091	3092	3093	3075	3074	3072	3071
836	5	5	3094	3095	3096	3080	3079	3071	3070
837	4	4	3068	3097	8	7	6	13	17	16	3098	3099	3100	3095	3094	3070	3069
838	5	5	9	8	3097	3068	3073
839	5	5	2765	2764	2768	3101	3102	3103	3104	3105	3106
840	2	2	3104	3107	3108	3109	3110	3111	3112	3113	3114	3115	3116	3117	3024	3023	3022	875	874	873	885	884	883	3118	3119	3120	3121	3106	3105
841	5	5	3122	3107	3104	3103
842	5	5	2232	2231	2239	3122	3103	3102
843	5	5	3123	1629	1622	1621	2233	2232	3102	3101
844	5	5	2767	3123	3101	2768
845	5	5	3121	3120	3119	904	903	902	2766	2765	3106
846	5	5	2890	3124	3125	3126	2905	2891
847	5	5	3127	3055	3054	3053	3128	2904	2903	2905	3126
848	5	5	2399	2398	3129	3130	3131	3127	3126	3125
849	5	5	3132	2400	2399	3125	3124
850	5	5	2889	2892	2896	3132	3124	2890
851	5	5	3133	3134	3135	3136	3137	3138	3139	3140
852	5	5	3141	3142	3143	3144	3140	3139
853	2	2	3137	3145	3146	3147	3148	3149	3150	3151	3152	3153	3154	3155	3156	3157	3158	3159	3160	3161	3162	1357	1356	840	839	844	843	3163	3164	3165	3166	3167	3168	3169	3170	3142	3141	3139	3138
854	5	5	3171	3172	3145	3137	3136
855	5	5	3173	3174	3175	3176	3177	3178	3179	3171	3136	3135
856	3	3	3133	3180	3181	350	349	348	352	354	357	356	364	363	362	3182	3183	3184	3185	3186	3187	3174	3173	3135	3134
857	5	5	3144	3180	3133	3140
858	5	5	3188	1403	1402	3189	3190
859	3	3	1402	1401	1408	3191	3192	3193	3194	3195	3196	3197	3198	3199	3200	3201	3202	3203	3204	3205	3206	3207	3208	3209	3210	3211	3190	3189
860	5	5	3212	3213	3214	1404	1403	3188
861	5	5	3211	3210	3209	3215	3212	3188	3190
862	5	5	2010	2009	3216	2044	2043	2042	2011
863	5	5	3217	3218	3219	3220	3221	3222	3223	3224	1970	1969
864	5	5	3225	3226	1971	1970	3224
865	5	5	3227	3225	3224	3223
866	5	5	3228	3229	3230	3227	3223	3222
867	5	5	3153	3152	3151	3231	3232	3228	3222	3221
868	5	5	3233	3154	3153	3221	3220
869	5	5	3234	3235	3236	3237	3233	3220	3219
870	3	3	3217	3238	3239	3240	3241	3242	3243	3244	3245	3246	3247	3248	3249	3250	3251	3235	3234	3219	3218
871	5	5	1968	3252	3239	3238	3217	1969
872	5	5	2143	3253	3254	3255	3256	2139	2138
873	3	3	3257	3258	3259	3260	2085	2080	2079	2078	3261	3262	3263	3264	3265	3266	3267	2031	2030	2029	2137	2136	2140
874	5	5	3256	3268	3269	3258	3257	2140	2139
875	5	5	505	3270	3271	2217	501	500
876	5	5	3272	3273	3274	3275	3276	3277	3278
877	5	5	3279	3280	3281	3282	3283	3284	3285	3286	3278	3277
878	5	5	3287	3288	3289	3290	3291	3279	3277	3276
879	5	5	3292	3287	3276	3275
880	5	5	3293	3294	3295	3292	3275	3274
881	5	5	3296	3297	3298	3299	3293	3274	3273
882	5	5	3300	3301	3302	3296	3273	3272
883	5	5	3286	3303	3304	3300	3272	3278
884	5	5	3305	2293	2292	3306	3307
885	4	4	2292	2291	2290	2298	2297	2296	3308	3309	3310	3311	3312	3313	3307	3306
886	5	5	3314	3315	3316	2294	2293	3305
887	5	5	3313	3317	3318	3319	3314	3305	3307
888	5	5	953	952	3320	3321	3322	3323	3324
889	5	5	3325	3267	3266	3265	3326	3324	3323
890	5	5	2038	2037	3325	3323	3322
891	5	5	765	764	768	2036	2038	3322	3321
892	5	5	3327	762	761	765	3321	3320
893	5	5	951	969	3327	3320	952
894	5	5	3326	949	948	953	3324
895	5	5	3309	3308	2296	2295	2300	3328	3329
896	5	5	3330	3331	3332	3333	3334	3335	3329	3328
897	5	5	2299	3336	3337	3338	3330	3328	2300
898	5	5	3335	2370	2369	3311	3310	3309	3329
899	5	5	558	561	565	2161	2160	559
900	5	5	564	3339	3340	3341	3342	3343	3344	2163	2162	2161	565
901	2	2	587	3345	3346	3347	3348	3349	3350	3351	2640	2639	2638	2696	2695	2690	2689	2688	3352	579	578	577	583	588
902	5	5	3092	3091	3090	3089	3353	3347	3346	3345	587	586
903	5	5	591	3354	3355	3076	3075	3093	3092	586	585
904	1	1	1446	1445	1444	1419	1418	1417	3356	3357	3358	3359	3360	3361	3362	3363	3364	3365	3366	3367	3368	3369	2967	2966	2965	2309	2308	2312
905	5	5	2315	2125	1427	1426	1425	2311
906	3	3	2798	2806	2805	3370	3371	3372	3373	3374	3375	3376	3377	1598	1597	3378	3379	3380	3381	3382	3383	3384	3385	3386	3387	2800	2799
907	5	5	3387	3386	3388	3389	3390	2808	2801	2800
908	5	5	3391	3392	3393	3394	3395	3396	3397	3398
909	5	5	3399	3400	3398	3397
910	5	5	3401	3402	788	787	786	785	3399	3397	3396
911	5	5	3403	3404	3405	3401	3396	3395
912	5	5	3406	3407	3408	3409	3410	3403	3395	3394
913	5	5	3411	3406	3394	3393
914	5	5	3412	3413	3411	3393	3392
915	5	5	3414	3415	3416	3417	3412	3392	3391
916	5	5	3400	3418	3419	3414	3391	3398
917	5	5	346	3420	339	338
918	5	5	3168	3167	3166	3421	340	339	3420
919	5	5	345	3143	3142	3170	3169	3168	3420	346
920	5	5	3422	3423	3424	3425	3426	3427
921	5	5	3232	3231	3428	3427	3426
922	5	5	3429	3229	3228	3232	3426	3425
923	5	5	3430	3431	3432	3429	3425	3424
924	5	5	3433	3434	3435	3430	3424	3423
925	5	5	3436	3437	3438	3439	3440	3433	3423	3422
926	5	5	3428	3441	3436	3422	3427
927	5	5	3442	3443	3444	3445	3446	3447	3448
928	5	5	2940	2939	2943	3449	3448	3447
929	5	5	52	51	3450	2941	2940	3447	3446
930	5	5	3451	47	46	52	3446	3445
931	5	5	3452	3453	3454	3451	3445	3444
932	5	5	3455	3456	3457	3458	3459	3460	3452	3444	3443
933	5	5	3461	3462	3463	3455	3443	3442
934	5	5	3449	3464	3465	3466	3461	3442	3448
935	5	5	3467	617	616	626
936	5	5	3468	3469	3470	3471	3467	626	625
937	5	5	2262	2263	2264	3472	3473	3474	3468	625	624
938	4	4	2787	3475	3476	3477	3478	3479	3480	3481	3482	2783	2782	2781	2788
939	5	5	603	602	605	3476	3475	2787	2786
940	5	5	2790	598	597	603	2786	2785
941	5	5	3483	3484	3485	3486	3487	3488	3489	3490
942	5	5	3491	3492	3493	3490	3489
943	5	5	3494	3495	3496	3491	3489	3488
944	4	4	3486	3485	3497	3498	3499	3500	3501	3502	3503	1378	1377	1376	3504	3495	3494	3488	3487
945	5	5	3505	3497	3485	3484
946	5	5	3506	3507	3508	3505	3484	3483
947	5	5	3493	3509	3510	3506	3483	3490
948	5	5	3511	3512	3513	3514	3515
949	5	5	3243	3242	3515	3514
950	5	5	3516	3244	3243	3514	3513
951	5	5	3517	3518	3519	3516	3513	3512
952	5	5	3520	3521	3522	3517	3512	3511
953	5	5	3242	3241	3523	3520	3511	3515
954	5	5	3524	3525	3526	3527	2482	2481
955	5	5	3528	3529	2483	2482	3527
956	5	5	3530	3531	3532	3533	3528	3527	3526
957	5	5	3534	3535	3536	3537	3530	3526	3525
958	5	5	3538	3539	3540	3534	3525	3524
959	5	5	2480	2484	3541	3542	3538	3524	2481
960	5	5	3543	3544	3545	3546	3547	3548	3549
961	5	5	3550	3551	3552	3549	3548
962	5	5	3553	3554	3555	3550	3548	3547
963	5	5	3556	3557	3558	3553	3547	3546
964	5	5	3559	3560	3561	3562	3556	3546	3545
965	5	5	3563	3564	3565	3559	3545	3544
966	5	5	3566	3567	3563	3544	3543
967	5	5	3552	1507	1506	3568	3569	3566	3543	3549
968	5	5	1083	1084	3570	3571	361	360	368
969	5	5	3572	2446	2445	3573	3574	3575
970	5	5	3576	3577	3578	1675	1674	3579	3575	3574
971	5	5	3580	3576	3574	3573
972	5	5	2444	628	627	635	3580	3573	2445
973	5	5	3581	3582	2708	2707	3583	2447	2446	3572
974	5	5	3579	3581	3572	3575
975	5	5	2089	3584	3585	2584	2090
976	5	5	3586	3587	3588	2585	2584	3585
977	5	5	3589	3590	3591	3586	3585	3584
978	5	5	2088	3592	3593	3589	3584	2089
979	5	5	266	265	3594	3373	3372	3371	3370	2805	2804
980	5	5	267	266	2804	2803
981	5	5	260	259	268	267	2803	2802
982	5	5	1346	1351	3595	1347
983	3	3	3596	3597	3598	3599	314	313	312	311	310	317	319	323	322	329	328	1345	1348	1347	3595
984	5	5	1350	3600	3601	3597	3596	3595	1351
985	5	5	3602	3603	3604	3605
986	5	5	3606	3607	3608	3609	3610	3605	3604
987	5	5	3611	3612	3613	3614	3615	3606	3604	3603
988	5	5	3616	3611	3603	3602
989	5	5	3610	3617	3618	3616	3602	3605
990	5	5	1246	1245	1244	3619	82	81
991	5	5	3620	83	82	3619
992	5	5	1092	1091	73	72	3620	3619	1244
993	5	5	80	1457	1310	1248	1247	1246	81
994	5	5	3150	3149	3621	3622	3441	3428	3231	3151
995	5	5	3087	3086	3085	3623	3624	3625	3626	3627	3628	3629
996	5	5	3630	3631	3349	3348	3347	3353	3629	3628
997	5	5	3632	3633	3634	3630	3628	3627
998	5	5	3635	3636	3632	3627	3626
999	5	5	3637	3638	3635	3626	3625
1000	2	2	3623	3639	3640	3641	3642	3643	3644	3645	3646	3647	3648	3649	3650	3651	3652	3653	3654	3655	3638	3637	3625	3624
1001	5	5	3084	3640	3639	3623	3085
1002	5	5	3353	3089	3088	3087	3629
1003	5	5	2507	3656	3657	3658	2496	2495
1004	5	5	3659	3660	3661	2925	2924	2928	2499	2498
1005	5	5	3662	3663	3664	3659	2498	2497
1006	5	5	3658	3665	3662	2497	2496
1007	5	5	947	1522	3666	3667	970	941	940
1008	5	5	3668	3669	3670	3671	3672	3673	3674	3675
1009	2	2	3673	3676	3677	3678	3679	3680	3681	3682	3683	3684	3685	3686	3687	3688	3675	3674
1010	5	5	3689	3690	3677	3676	3673	3672
1011	5	5	3691	3692	3693	3694	3695	3689	3672	3671
1012	5	5	3696	3697	1909	1908	3698	3699	3700	3701	3691	3671	3670
1013	4	4	3668	3702	3703	3704	3705	3706	3697	3696	3670	3669
1014	5	5	3688	3687	1535	1534	1533	3703	3702	3668	3675
1015	5	5	944	943	3263	3262	3261	2078	1518
1016	5	5	3129	3707	3708	3709	3710	3711	3130
1017	5	5	3712	3713	3714	3715	3131	3130	3711
1018	5	5	3716	3717	3718	3712	3711	3710
1019	5	5	3719	3720	3721	3722	3723	3724	3716	3710	3709
1020	5	5	2405	2404	2738	2745	3719	3709	3708
1021	5	5	2406	2405	3708	3707
1022	5	5	2398	2397	2406	3707	3129
1023	5	5	3725	3726	3727	3728	3729
1024	5	5	2987	2986	147	146	159	3729	3728
1025	5	5	2988	2987	3728	3727
1026	5	5	3730	3731	3732	2990	2989	2988	3727	3726
1027	5	5	3733	2586	2585	3588	3730	3726	3725
1028	5	5	159	158	3733	3725	3729
1029	5	5	3734	3735	3578	3577	3736
1030	5	5	3576	3580	635	634	3737	3738	3739	3736	3577
1031	5	5	1668	1667	1675	3578	3735
1032	5	5	3740	3463	3462	3741	1669	1668	3735	3734
1033	5	5	3739	3742	3743	3744	3740	3734	3736
1034	5	5	3745	3746	3747	3748	3749	3750
1035	5	5	3751	3752	3753	3754	3755	3756	3757	3758	3759	3750	3749
1036	5	5	3760	3761	3751	3749	3748
1037	5	5	3762	3763	3764	991	990	3765	3760	3748	3747
1038	4	4	3745	3766	3767	3768	3769	3770	3764	3763	3762	3747	3746
1039	5	5	3759	3771	3772	3773	3767	3766	3745	3750
1040	5	5	3265	3264	3263	943	942	949	3326
1041	5	5	3000	2999	3774	2067	2066	2065	2072	3775
1042	5	5	2071	3775	2072
1043	5	5	2997	2996	2995	3776	3777	3778	658	657	2068	2067	3774
1044	5	5	2998	2997	3774	2999
1045	5	5	2071	2070	3000	3775
1046	5	5	3779	2194	2193	2192	544	543	548	977
1047	5	5	3780	3779	977	976
1048	5	5	981	2173	2172	3780	976	975
1049	5	5	3565	3564	3781	3782	3783	3784	3785	3561	3560
1050	5	5	3565	3560	3559
1051	5	5	3786	3557	3556	3562
1052	5	5	3785	3787	3788	3789	3790	3786	3562	3561
1053	5	5	1374	1373	1372	3791	1828	1827	3792
1054	5	5	1826	783	782	781	3792	1827
1055	5	5	1822	1821	1828	3791
1056	5	5	1371	1370	1822	3791	1372
1057	5	5	781	780	779	798	1375	1374	3792
1058	5	5	3793	3794	3795	3796	3797	3798
1059	5	5	3649	3648	3647	3799	3798	3797
1060	5	5	3800	3650	3649	3797	3796
1061	5	5	3801	3802	3803	3804	3805	3806	3800	3796	3795
1062	4	4	3793	3807	3808	3809	3810	3811	3812	3813	3803	3802	3801	3795	3794
1063	5	5	3799	3814	3815	3816	3817	3809	3808	3807	3793	3798
1064	5	5	2533	2540	2534
1065	5	5	60	65	3818	3819	2539	2538	61
1066	5	5	3820	3821	3822	3823
1067	5	5	3824	3825	3826	3823	3822
1068	5	5	3827	3723	3722	3824	3822	3821
1069	5	5	3828	3829	3830	3831	3827	3821	3820
1070	5	5	3826	3832	3828	3820	3823
1071	5	5	1236	1238	1243	3833	3834	3835	2942	1237
1072	5	5	3836	3837	3838	3464	3449	2943	2942	3835
1073	5	5	1679	1678	3836	3835	3834
1074	5	5	3839	1680	1679	3834	3833
1075	5	5	1242	3840	3841	3842	3843	3839	3833	1243
1076	5	5	3082	3081	3080	3096
1077	5	5	3095	3100	3099	3642	3641	3640	3084	3083	3082	3096
1078	5	5	3303	3286	3285
1079	5	5	3844	3845	3846	3304	3303	3285	3284
1080	5	5	3847	3848	3849	3844	3284	3283
1081	5	5	3850	3847	3283	3282
1082	2	2	3280	3851	3852	3853	3854	3855	3856	1422	1421	3857	3858	3859	3860	3861	3862	3863	3864	3850	3282	3281
1083	5	5	3291	3865	3866	3852	3851	3280	3279
1084	5	5	3867	3868	3869	2873	2872	2981	3870	3871
1085	5	5	908	907	909	3872	3871	3870
1086	5	5	2980	2983	3873	3874	519	518	525	528	908	3870	2981
1087	5	5	3875	3876	3877	3878	2855	2854	2873	3869
1088	4	4	3867	3879	3880	3881	3882	3883	3884	3877	3876	3875	3869	3868
1089	5	5	3872	534	533	538	2189	2188	2187	3881	3880	3879	3867	3871
1090	5	5	3620	72	71	75	83
1091	5	5	1673	1672	1677	3612	3611	3616	3618	3885
1092	5	5	3617	2709	2708	3582	3885	3618
1093	5	5	1676	1680	3839	3843	3613	3612	1677
1094	5	5	3582	3581	3579	1674	1673	3885
1095	5	5	3886	3887	3888	3889	3890
1096	5	5	3891	688	687	3892	3890	3889
1097	5	5	3893	3894	1802	1801	1800	3895	3891	3889	3888
1098	5	5	3896	3897	3898	3899	3900	3893	3888	3887
1099	5	5	3901	3902	3896	3887	3886
1100	5	5	3892	3903	3904	3905	3901	3886	3890
1101	5	5	3906	3907	3908	3909	3910
1102	5	5	3911	3161	3160	3159	3910	3909
1103	5	5	3912	1354	1353	3911	3909	3908
1104	5	5	3913	3914	3915	3916	3917	3918	3912	3908	3907
1105	5	5	3919	3913	3907	3906
1106	5	5	3159	3158	3157	3236	3235	3251	3919	3906	3910
1107	5	5	3920	3921	3922	3923	3924
1108	5	5	3925	3926	3927	3924	3923
1109	5	5	3928	3929	3925	3923	3922
1110	5	5	3930	3294	3293	3299	3928	3922	3921
1111	5	5	3931	3932	3933	3934	3930	3921	3920
1112	5	5	3927	3935	3936	3931	3920	3924
1113	5	5	2859	2858	2857	3937	3938
1114	5	5	3939	3940	2184	2183	2182	3938	3937
1115	5	5	2856	2855	3878	3941	3939	3937	2857
1116	5	5	2182	2181	2180	2179	3942	3943	3944	2862	2861	2860	2859	3938
1117	5	5	3945	3946	3402	3401	3405
1118	5	5	3947	3948	3949	3950	3945	3405	3404
1119	5	5	3410	3951	3952	3947	3404	3403
1120	5	5	2767	2758	1630	1629	3123
1121	5	5	3953	3954	3955	3956	3957
1122	5	5	2021	1987	1986	3958	3959	3957	3956
1123	5	5	3960	2022	2021	3956	3955
1124	5	5	3961	3962	3963	3960	3955	3954
1125	5	5	3964	3961	3954	3953
1126	5	5	3959	3965	3966	2844	2843	2848	3964	3953	3957
1127	5	5	2575	2574	2573	3967	3968
1128	5	5	3969	3970	3700	3699	3968	3967
1129	5	5	2572	3971	3972	3969	3967	2573
1130	5	5	3699	3698	2727	2726	2577	2576	2575	3968
1131	5	5	3973	2719	2718	2221	1225	1224
1132	5	5	3974	3973	1224	1223
1133	5	5	1222	3975	2933	2932	3974	1223
1134	5	5	3976	3977	3978	1222	1221
1135	5	5	1227	3979	3980	3981	3976	1221	1220
1136	5	5	3569	3982	3983	3984	3985	3986	3987	3567	3566
1137	5	5	3988	3781	3564	3563	3567	3987
1138	5	5	3989	3990	3991	3988	3987	3986
1139	5	5	3992	3989	3986	3985
1140	5	5	2553	2552	2819	3993	3994	3995	3996	3997	3992	3985	3984
1141	5	5	3998	3999	4000	1492	1491	2549	2548	2553	3984	3983
1142	4	4	3569	3568	1506	1505	1493	1492	4000	3999	3998	3983	3982
1143	5	5	2660	2659	4001	826	825	232	231
1144	5	5	785	784	4002	4003	3418	3400	3399
1145	5	5	2556	733	732	710	709
1146	5	5	4004	4005	4006	3379	3378	1597	1584	1583	2596
1147	5	5	4007	4004	2596	2595
1148	5	5	4008	4009	4010	4007	2595	2594
1149	5	5	1071	4011	4012	4013	4014	4008	2594	1072
1150	5	5	4015	4016	4017	164	163	168	172	176	693	4018	4019
1151	5	5	4020	4021	4022	4019	4018
1152	5	5	692	697	2588	4020	4018	693
1153	3	3	4016	4015	4023	4024	155	154	153	152	161	165	164	4017
1154	5	5	4022	4025	4023	4015	4019
1155	5	5	2213	2613	2612	2210	2209
1156	5	5	4026	4027	3200	3199	3198	4028
1157	5	5	3197	3196	4029	4030	2476	2475	2479	4031	4028	3198
1158	5	5	4032	4033	3202	3201	3200	4027
1159	5	5	4034	4035	4036	4037	4038	4032	4027	4026
1160	5	5	4031	4034	4026	4028
1161	5	5	4039	4040	4041	4042	4043
1162	4	4	4041	4044	3470	3469	3468	3474	3473	4045	4046	4047	4048	4049	4050	4051	4043	4042
1163	5	5	4052	3471	3470	4044	4041	4040
1164	5	5	1344	1343	4053	4054	4055	4052	4040	4039
1165	5	5	4051	4050	4056	4057	2878	1341	1340	1342	1344	4039	4043
1166	5	5	2724	1902	1901	1907	770	769	4058
1167	5	5	760	759	2722	4058	769
1168	5	5	1906	771	770	1907
1169	5	5	2722	2721	2724	4058
1170	5	5	4059	2314	2313	2132	2131	2135
1171	5	5	2123	4059	2135	2124
1172	5	5	258	262	268	259
1173	5	5	3333	4060	4061	4062	4063	4064	4065	3334
1174	5	5	4066	2371	2370	3335	3334	4065
1175	5	5	4067	4068	4066	4065	4064
1176	5	5	4069	210	209	2268	4070	4067	4064	4063
1177	5	5	4071	4069	4063	4062
1178	5	5	4072	4073	4071	4062	4061
1179	5	5	4060	4074	4075	4072	4061
1180	4	4	3332	3331	3330	3338	3337	4076	4077	4078	4060	3333
1181	5	5	4079	4080	4081	3439	3438	4082
1182	5	5	3437	3622	3621	4083	4084	4082	3438
1183	5	5	4085	4086	4087	3440	3439	4081
1184	5	5	4088	4089	4090	4091	4092	4085	4081	4080
1185	3	3	4093	4094	4095	4096	4097	4098	4099	4100	4101	4102	4103	4104	4105	4106	4107	4089	4088	4080	4079
1186	5	5	4084	4108	4109	4110	4111	4093	4079	4082
1187	5	5	4112	3614	3613	3843	3842	4113
1188	5	5	3841	4114	4115	4113	3842
1189	5	5	4116	4117	4118	3615	3614	4112
1190	5	5	4115	4119	4120	4116	4112	4113
1191	5	5	4121	1327	1326	1333	4122	4123
1192	5	5	3636	3635	3638	3655	3654	4124	4123	4122
1193	5	5	1332	3633	3632	3636	4122	1333
1194	5	5	4125	4053	1343	1328	1327	4121
1195	5	5	4124	4126	4125	4121	4123
1196	5	5	4127	4128	4129	1458	1453	1452	4130
1197	5	5	1451	1455	92	91	1143	4131	4132	4130	1452
1198	5	5	1307	1306	1305	1458	4129
1199	5	5	3302	3301	4133	4134	1293	1292	1295	1309	1308	1307	4129	4128
1200	5	5	3297	3296	3302	4128	4127
1201	5	5	4132	3298	3297	4127	4130
1202	5	5	4135	427	426	432	436
1203	5	5	4136	4137	4138	4135	436	435
1204	5	5	439	4139	4140	4136	435	434
1205	5	5	3936	3935	4141	4142	2357	2356	4143	4144
1206	5	5	4145	4146	4147	4148	4149	4150	4144	4143
1207	5	5	2355	4151	4152	4153	4145	4143	2356
1208	5	5	2352	2351	2357	4142
1209	5	5	4154	4155	2345	2344	2352	4142	4141
1210	5	5	3927	3926	4156	4154	4141	3935
1211	5	5	4150	3932	3931	3936	4144
1212	5	5	1456	1299	1298	1297	1311
1213	5	5	1310	1457	1456	1311
1214	5	5	3862	3861	3860	4157	3046	3045	3044	3043	4158
1215	5	5	3042	3041	4159	4160	4161	4158	3043
1216	5	5	4162	4163	4164	4165	3048	3047	3046	4157
1217	5	5	3859	3858	4166	4162	4157	3860
1218	5	5	4161	4167	4168	4169	4170	3864	3863	3862	4158
1219	5	5	2582	2581	2586	3733	158	157	4171
1220	5	5	156	4172	4021	4020	2588	2587	4171	157
1221	5	5	2587	2583	2582	4171
1222	5	5	3552	3551	4173	4174	1503	1502	1507
1223	5	5	4175	4176	4177	412	411	418
1224	5	5	4178	4175	418	417
1225	5	5	422	2084	2085	3260	3259	4178	417	416
1226	4	4	3873	4179	4180	4181	4182	4183	4184	4185	521	520	519	3874
1227	5	5	2982	2984	4180	4179	3873	2983
1228	5	5	4186	4187	4188	4189	4190	4191	4192	4193
1229	2	2	4191	4190	4194	4195	4196	4197	4198	4199	4200	4201	4202	4203	4204	4205	4206	4207	4208	4209	4193	4192
1230	5	5	4210	4211	4195	4194	4190	4189
1231	5	5	4212	4213	4214	4210	4189	4188
1232	5	5	3554	3553	3558	4215	4212	4188	4187
1233	5	5	4216	3555	3554	4187	4186
1234	5	5	4209	4208	4217	4218	4219	4220	4221	4216	4186	4193
1235	5	5	1670	4222	3837	3836	1678	1671
1236	5	5	4223	1395	1394	2046	2045	2044	3216
1237	5	5	2008	4224	1052	1051	1057	1391	4223	3216	2009
1238	5	5	2977	1767	1766	4225	4226	1641	1640
1239	5	5	1645	2976	1639	1638
1240	5	5	4226	4227	1662	1642	1641
1241	5	5	1989	1988	1996	4228	4229	3965	3959	3958
1242	5	5	1985	1989	3958	1986
1243	5	5	4230	4231	4232	4233	4234	3789	3788
1244	5	5	4235	4236	4230	3788	3787
1245	5	5	3784	4237	4235	3787	3785
1246	5	5	4238	4215	3558	3557	3786	3790
1247	5	5	4234	4239	4240	4241	4238	3790	3789
1248	5	5	4242	4243	4244	4245	4246	4247	4248
1249	5	5	3215	3209	3208	3207	4249	4250	4248	4247
1250	5	5	3213	3212	3215	4247	4246
1251	5	5	1032	1031	3214	3213	4246	4245
1252	5	5	1890	1889	4251	4252	1033	1032	4245	4244
1253	5	5	1865	1864	1863	1890	4244	4243
1254	5	5	4253	1867	1866	1865	4243	4242
1255	5	5	4250	4254	4253	4242	4248
1256	5	5	4255	3777	3776	4256	4257
1257	5	5	4258	4259	4260	4257	4256
1258	5	5	2995	2994	2993	4258	4256	3776
1259	5	5	3904	3903	3778	3777	4255
1260	5	5	4260	4261	3905	3904	4255	4257
1261	3	3	3008	4262	383	382	381	386	395	394	393	392	1480	1467	1466	1465	3009
1262	5	5	384	383	4262	3008	3007
1263	5	5	4083	3621	3149	3148	4263	4264
1264	5	5	4265	4266	4267	4268	4264	4263
1265	5	5	3147	3146	4265	4263	3148
1266	5	5	4268	4269	4108	4084	4083	4264
1267	5	5	955	954	970	3667	3013	3012
1268	5	5	3666	4270	3014	3013	3667
1269	5	5	2471	4271	4272	2472
1270	5	5	4273	2466	2465	2472	4272
1271	5	5	4274	4275	4273	4272	4271
1272	5	5	2470	4276	4277	4278	4274	4271	2471
1273	5	5	4279	4280	4281	4282	4283	4284
1274	5	5	2617	2616	2615	4285	4286	4284	4283
1275	5	5	4287	2632	2631	2620	2619	2618	2617	4283	4282
1276	5	5	4288	4289	4287	4282	4281
1277	5	5	4290	4291	4292	4293	4294	4288	4281	4280
1278	5	5	4295	4296	4290	4280	4279
1279	5	5	4286	4297	4298	4299	4295	4279	4284
1280	5	5	4300	4301	3226	3225	3227	3230
1281	5	5	3429	3432	4300	3230	3229
1282	5	5	1533	1532	1531	1553	1554	1555	1558	3705	3704	3703
1283	5	5	1557	1574	1573	1904	1909	3697	3706	3705	1558
1284	5	5	4117	4116	4120	4302	4303
1285	5	5	4304	4305	3066	3038	3037	4303	4302
1286	5	5	4119	4306	4307	4304	4302	4120
1287	5	5	3037	3036	4118	4117	4303
1288	5	5	4308	2911	2910	2909	2922
1289	2	2	2920	2927	2926	2925	3661	3660	4309	4310	4311	4312	4313	4314	4315	4316	4317	4318	4319	4320	4321	4322	4323	4324	4325	4326	4308	2922	2921
1290	5	5	4327	4328	4329	2511	2510	2514
1291	5	5	2523	4330	4331	4327	2514	2513
1292	5	5	2992	2991	2990	3732	4332	4259	4258	2993
1293	5	5	3975	1222	3978	4333	4334
1294	5	5	4335	4336	4337	4338	4339	4334	4333
1295	5	5	3977	4340	4341	4335	4333	3978
1296	5	5	4339	2569	2568	2931	2933	3975	4334
1297	5	5	3806	4342	3652	3651	3650	3800
1298	5	5	4343	4344	4345	4346	4347	2127	2126	2130
1299	5	5	4348	4349	4350	4351	4352	4343	2130	2129
1300	5	5	2134	4348	2129	2128
1301	5	5	2971	2975	4353	4354	2972
1302	5	5	4355	4356	2973	2972	4354
1303	5	5	4357	4358	1877	1876	1875	4355	4354	4353
1304	5	5	2954	2953	4359	4360	4361	4357	4353	2975
1305	5	5	3974	2932	2720	2719	3973
1306	5	5	4362	3592	2088	2087
1307	5	5	2092	2452	4363	4362	2087	2086
1308	5	5	4364	4365	4366	4367	4368	1232	1231	1235
1309	5	5	2220	4369	4364	1235	1234
1310	5	5	1977	4370	4371	1858	1857	1862
1311	5	5	3195	3194	4372	4029	3196
1312	5	5	2478	3529	3528	3533	4035	4034	4031	2479
1313	5	5	4373	4277	4276	2474	2473	2476	4030
1314	5	5	4372	4374	4373	4030	4029
1315	5	5	4375	4376	3531	3530	3537
1316	5	5	4377	4378	2741	2740	4375	3537	3536
1317	4	4	3534	3540	4379	4380	4381	4382	4383	4384	4385	4386	4378	4377	3536	3535
1318	5	5	4387	4388	2915	2914	2913
1319	5	5	4389	4390	4391	2917	2916	2915	4388
1320	3	3	4392	4393	4394	4395	4396	4397	4398	4399	4400	4401	4402	4403	4404	4405	4406	4407	4390	4389	4388	4387
1321	5	5	2912	2911	4308	4326	4325	4324	4408	4409	4394	4393	4392	4387	2913
1322	5	5	1496	2784	737	736	2559	1490	1489
1323	5	5	4410	4411	4412	4413	4414	1255	1254	1253	1315
1324	5	5	4415	4410	1315	1314
1325	5	5	4416	3065	3064	4417	4415	1314	1313
1326	5	5	1318	4418	4419	4420	4421	4416	1313	1312
1327	5	5	1908	1898	1897	2727	3698
1328	5	5	4422	4423	4424	4425	4426	4409	4408
1329	5	5	4323	4427	4428	4429	4422	4408	4324
1330	5	5	4426	4430	4395	4394	4409
1331	5	5	2442	2441	2447	3583
1332	5	5	2706	2449	2443	2442	3583	2707
1333	5	5	2334	2333	2332	4431	4432	4433	4434
1334	5	5	4435	4436	4437	4352	4351	4438	4434	4433
1335	5	5	3204	3203	3202	4033	4439	4435	4433	4432
1336	5	5	3206	3205	3204	4432	4431
1337	5	5	2331	4249	3207	3206	4431	2332
1338	5	5	4438	4440	2336	2335	2334	4434
1339	5	5	4441	4442	4443	3590	3589	3593
1340	5	5	4362	4363	193	192	4444	4441	3593	3592
1341	5	5	2057	2056	2055	4445	4446	4447	4448	4449	2059
1342	5	5	4450	4451	2060	2059	4449
1343	5	5	4452	4293	4292	4453	4454	4450	4449	4448
1344	4	4	4446	4455	4456	4457	4458	4459	4460	4461	4462	4463	4464	4289	4288	4294	4293	4452	4448	4447
1345	5	5	4456	4455	4446	4445
1346	5	5	2054	3011	4465	4458	4457	4456	4445	2055
1347	5	5	4466	4467	4468	725	724	728	3026	3025
1348	5	5	3117	4466	3025	3024
1349	5	5	1596	1600	3374	3373	3594	1592	1591
1350	5	5	265	264	273	1593	1592	3594
1351	5	5	1599	3376	3375	3374	1600
1352	5	5	4469	4470	4471	4472	4473	4474
1353	5	5	4475	4430	4426	4425	4476	4477	4474	4473
1354	5	5	4398	4397	4396	4475	4473	4472
1355	5	5	4400	4399	4398	4472	4471
1356	5	5	2870	2869	4402	4401	4400	4471	4470
1357	5	5	2850	2849	2852	2871	2870	4470	4469
1358	5	5	4477	2851	2850	4469	4474
1359	5	5	3997	3990	3989	3992
1360	5	5	3996	4478	3991	3990	3997
1361	5	5	1994	4479	4480	4481	4482	4483	4484	4485	4486	1995
1362	5	5	4487	4488	4489	4228	1996	1995	4486
1363	5	5	4490	4487	4486	4485
1364	5	5	4491	4490	4485	4484
1365	5	5	4492	4491	4484	4483
1366	5	5	4493	523	522	4492	4483	4482
1367	5	5	4494	4495	4496	4493	4482	4481
1368	4	4	4479	1994	1993	1992	1991	4497	4498	4499	4500	4501	4502	4503	4504	4505	4506	4507	4495	4494	4481	4480
1369	5	5	4508	4509	4510	3361	3360	4511
1370	5	5	3359	3358	4512	4513	4514	4515	4511	3360
1371	5	5	4516	4517	3363	3362	3361	4510
1372	5	5	4518	4519	4520	4521	4522	4523	4516	4510	4509
1373	5	5	4524	4525	4526	4527	1790	1789	4528	4529	4518	4509	4508
1374	5	5	4515	4530	4524	4508	4511
1375	5	5	2133	2317	2337	4349	4348	2134
1376	5	5	2336	4440	4350	4349	2337
1377	5	5	4531	4532	4533	4534	307	306	315
1378	5	5	3599	4535	4536	4531	315	314
1379	5	5	4537	398	397	407
1380	3	3	405	4538	4539	4540	4541	4542	4543	1479	1478	1483	1482	1481	390	389	388	399	398	4537	407	406
1381	5	5	4544	4545	4546	4547	4548	4549	4550	4551	4539	4538	405	404
1382	3	3	402	401	409	414	413	412	4177	4552	4553	4554	4546	4545	4544	404	403
1383	5	5	2032	2031	3267	3325	2037
1384	5	5	4555	4556	1470	1469	1477
1385	5	5	1129	1128	1127	1468	1470	4556
1386	5	5	4557	4558	4559	1131	1130	1129	4556	4555
1387	5	5	1476	4560	4557	4555	1477
1388	5	5	4561	4562	3634	3633	1332	1331
1389	5	5	4563	4564	4565	4561	1331	1330
1390	5	5	1339	2641	4563	1330	1329
1391	5	5	4566	4567	4568	4231	4230	4236
1392	5	5	4237	4569	4570	4571	4572	4092	4091	4566	4236	4235
1393	5	5	896	895	4573	4574	2759	897
1394	5	5	4575	4576	2757	2756	2761
1395	5	5	4577	4578	4579	4575	2761	2760
1396	5	5	2759	4580	4581	4582	4577	2760
1397	5	5	1549	1548	1547	4583	4584
1398	5	5	4585	4550	4549	4586	4584	4583
1399	5	5	4587	4588	4589	4590	4591	4592	4585	4583
1400	5	5	1546	4587	4583	1547
1401	5	5	4586	4593	1561	1560	1559	1551	1550	1549	4584
1402	5	5	4587	1546	1545	4594	4588
1403	4	4	4595	4596	4597	1475	1474	1473	4598	4599	4600	4601	4602	4603	4591	4590	4589	4588	4594
1404	5	5	1544	1543	4604	4605	4596	4595	4594	1545
1405	5	5	2953	1008	993	992	4606	4359
1406	5	5	4607	4608	4609	4610	4360	4359	4606
1407	5	5	991	3764	4607	4606	992
1408	5	5	4611	4612	1704	1703	1702	4613	4614
1409	5	5	4199	4198	4197	3683	3682	3681	4614	4613
1410	5	5	1701	4203	4202	4201	4200	4199	4613	1702
1411	5	5	4615	4616	4617	4618	1706	1705	1704	4612
1412	5	5	4619	4615	4612	4611
1413	5	5	3681	3680	4620	4619	4611	4614
1414	5	5	4621	4622	4623	4240	4239
1415	5	5	4233	4624	4625	4626	4627	4621	4239	4234
1416	5	5	4628	4629	4630	4213	4212	4215	4238	4241
1417	5	5	4623	4628	4241	4240
1418	5	5	3695	4631	4632	3690	3689
1419	5	5	4632	4633	3678	3677	3690
1420	5	5	1751	1750	4634	1765
1421	5	5	4635	4636	4637	4225	1766	1765	4634
1422	5	5	1749	4638	4639	4640	4635	4634	1750
1423	5	5	194	193	4363	2452
1424	4	4	192	191	190	196	198	203	202	4641	4642	4643	4644	4645	4443	4442	4441	4444
1425	5	5	515	523	4493	4496	510	509
1426	5	5	4646	4647	2792	512	511
1427	5	5	4496	4495	4507	4506	4646	511	510
1428	5	5	1433	1432	1431	2127	4347	4648	2895	2894
1429	5	5	2401	2400	3132	2896	2895	4648
1430	5	5	4346	2392	2391	2401	4648	4347
1431	5	5	2893	2898	1435	1434	1433	2894
1432	5	5	2211	927	926	4649	4650	4298	4297
1433	5	5	4285	2212	2211	4297	4286
1434	5	5	4651	4296	4295	4299
1435	5	5	4650	4652	4651	4299	4298
1436	5	5	1541	1540	4653	4654	4655	4656
1437	5	5	4657	4658	4659	4660	4661	4662	4656	4655
1438	5	5	4663	4664	4665	4666	4667	4657	4655	4654
1439	5	5	4668	4669	4663	4654	4653
1440	5	5	1539	1538	4668	4653	1540
1441	5	5	4662	4604	1543	1542	1541	4656
1442	5	5	2822	4670	4671	4672	4673	4674	4675	2823
1443	5	5	4676	4677	2824	2823	4675
1444	5	5	4678	4679	4680	4681	4676	4675	4674
1445	5	5	4682	4571	4570	4678	4674	4673
1446	5	5	4087	4086	4683	4682	4673	4672
1447	5	5	4684	3434	3433	3440	4087	4672	4671
1448	5	5	2827	2826	4685	4684	4671	4670
1449	5	5	2821	2827	4670	2822
1450	5	5	1481	391	390
1451	5	5	3251	3250	3249	3914	3913	3919
1452	5	5	2733	2731	2730	4376	4375	2740	2739
1453	5	5	2402	2408	2732	2733	2739	2403
1454	5	5	4378	4386	4385	4686	2748	2742	2741
1455	4	4	1690	4687	4688	4689	4690	4691	4692	4693	4694	1715	1714	1692	1691
1456	5	5	4695	4696	4697	4698	4699	4690	4689	4688	4687	1690	1689
1457	5	5	4700	4701	1025	1024	4702	4703	4704	4695	1689	1688
1458	5	5	4705	4700	1688	1687
1459	5	5	1695	4706	4707	1020	1019	4708	4705	1687	1686
1460	5	5	2705	4709	4710	4711	4712	2702	2701
1461	5	5	1840	1839	1838	2702	4712
1462	5	5	4713	4714	4715	4716	4717	1842	1841	1840	4712	4711
1463	3	3	4709	4718	4719	4720	4721	3608	3607	4722	4723	4724	4725	4726	4714	4713	4711	4710
1464	5	5	2704	4718	4709	2705
1465	5	5	662	686	685	4727	4728	663
1466	5	5	113	112	116	2646	2645	664	663	4728
1467	5	5	4729	4730	109	108	113	4728	4727
1468	5	5	684	683	2359	4731	4729	4727	685
1469	5	5	4131	1143	1142	4732	4156	3926	3925	3929
1470	5	5	3299	3298	4132	4131	3929	3928
1471	4	4	2824	4677	4676	4681	4680	4733	4734	3994	3993	2819	2818	2817	2816	2820	2825
1472	5	5	1090	1089	1097	2539	3819
1473	5	5	69	68	73	1091	1090	3819	3818
1474	5	5	64	69	3818	65
1475	5	5	744	743	742	3478	3477	3476	605	604	609	867	871
1476	5	5	4735	4736	905	870	869
1477	3	3	608	607	4737	4738	4739	4740	4741	4742	4743	4252	4251	1889	1888	1859	1858	4371	4370	4744	4736	4735	869	868
1478	5	5	4745	4746	1280	1279	4747	4748	4749
1479	5	5	4750	2678	2677	4751	4749	4748
1480	5	5	4752	4753	4750	4748	4747
1481	5	5	1278	1284	4754	4755	4756	4757	4758	3340	3339	4759	4760	4752	4747	1279
1482	4	4	4745	4761	4762	4763	4764	4765	4766	4767	4768	4769	1276	1275	1281	1280	4746
1483	5	5	4751	2682	2681	2875	4762	4761	4745	4749
1484	5	5	288	287	296	295	2600	2602	4770
1485	5	5	2601	1589	1588	1595	1594	4771	4770	2602
1486	5	5	286	290	296	287
1487	5	5	4771	278	277	282	284	288	4770
1488	5	5	4772	4773	4573	895	894	1976
1489	5	5	4774	4775	4776	4777	4772	1976	1975
1490	5	5	4778	4774	1975	1974
1491	5	5	1882	1881	1880	4779	4778	1974	1973
1492	5	5	2270	2269	219	218	4780	4781	4782
1493	5	5	4783	4784	4785	4782	4781
1494	5	5	4786	4787	4783	4781	4780
1495	5	5	217	226	1851	1850	4786	4780	218
1496	5	5	4785	2272	2271	2270	4782
1497	5	5	535	534	3872	909
1498	5	5	2102	4788	3336	2299	2284	2103
1499	5	5	740	739	3481	3480
1500	5	5	738	737	2784	2783	3482	3481	739
1501	5	5	3479	3478	742	741	740	3480
1502	5	5	4789	4790	4791	4792	4793	4794	4795	4796	4797
1503	4	4	4795	4798	4799	4800	4801	4148	4147	4146	4802	4153	4152	4151	4803	4804	4805	4797	4796
1504	5	5	4806	4807	4808	4809	4810	4799	4798	4795	4794
1505	5	5	4514	4513	4806	4794	4793
1506	5	5	4530	4515	4514	4793	4792
1507	4	4	4790	4811	4812	4813	4814	1784	1783	1782	1791	1790	4527	4526	4525	4524	4530	4792	4791
1508	5	5	4815	4816	4812	4811	4790	4789
1509	5	5	4805	4804	4817	4815	4789	4797
1510	5	5	4771	1594	279	278
1511	5	5	4396	4395	4430	4475
1512	4	4	1503	4174	4173	4818	4819	4221	4220	4219	4820	4821	1498	1497	1504
1513	5	5	2809	4822	4823	2238	2237	2807
1514	4	4	3723	3827	3831	3830	4824	4825	4826	4827	4828	3718	3717	3716	3724
1515	5	5	3408	3407	3825	3824	3722	3721
1516	5	5	4829	3409	3408	3721	3720
1517	5	5	2745	2744	4830	4829	3720	3719
1518	5	5	2326	2325	4831	4832	4833	4834
1519	5	5	4835	4836	4837	4834	4833
1520	5	5	1871	1870	1869	4835	4833	4832
1521	5	5	1873	1872	1871	4832	4831
1522	5	5	2324	2323	4838	4356	4355	1875	1874	1873	4831	2325
1523	5	5	4837	4839	4840	2328	2327	2326	4834
1524	5	5	3522	3521	4841	3004	300	299
1525	5	5	304	4842	4843	3518	3517	3522	299	298
1526	5	5	1521	1520	4844	4845
1527	5	5	2628	2627	3014	4270	4845	4844
1528	5	5	1514	1513	4846	2623	2622	2628	4844	1520
1529	5	5	4270	3666	1522	1521	4845
1530	5	5	2371	4066	4068	2365	2364
1531	5	5	4067	4070	4847	4848	2376	2366	2365	4068
1532	5	5	3740	3744	4849	3456	3455	3463
1533	5	5	3466	4850	3741	3462	3461
1534	5	5	4851	4852	4853	4854	2142	2141	2144
1535	5	5	1564	1563	4851	2144	1565
1536	5	5	2959	4855	4856	4857	4858	4859	2956	2955
1537	5	5	4860	4861	2957	2956	4859
1538	5	5	4862	4863	4864	4865	4866	4867	4860	4859	4858
1539	5	5	4868	4869	4870	4871	4520	4519	4872	4862	4858	4857
1540	5	5	4873	4874	4875	4868	4857	4856
1541	5	5	4876	4873	4856	4855
1542	5	5	2958	2962	4876	4855	2959
1543	5	5	4877	3542	3541	4878	4879	4880	4881
1544	5	5	4882	4382	4381	4380	4881	4880
1545	5	5	4883	4884	4885	4886	4882	4880	4879
1546	5	5	4887	4888	4889	4890	4891	4892	4893	4894	4883	4879	4878
1547	5	5	2484	2464	2463	4887	4878	3541
1548	5	5	3539	3538	3542	4877
1549	5	5	4380	4379	3540	3539	4877	4881
1550	5	5	4661	4660	4559	4558
1551	5	5	4560	4605	4604	4662	4661	4558	4557
1552	5	5	4660	4659	4895	1132	1131	4559
1553	5	5	4562	4896	3631	3630	3634
1554	5	5	3617	3610	3609	4897	2710	2709
1555	5	5	4898	4720	4719	4718	2704	2703	2710	4897
1556	5	5	3608	4721	4898	4897	3609
1557	5	5	4899	4900	2668	2667	2680
1558	5	5	4899	2680	2679
1559	5	5	4750	4753	4900	4899	2679	2678
1560	5	5	2682	4751	2677	2676
1561	5	5	4901	2230	2229	2235	4902
1562	5	5	2234	2653	4903	4902	2235
1563	5	5	4904	4905	4906	248	247	2230	4901
1564	5	5	4903	4907	4904	4901	4902
1565	5	5	4908	4909	4910	4911	1604	1603	1611
1566	3	3	1609	1608	4912	4913	2249	2248	2247	4914	4915	4916	4917	4918	4919	4920	4921	4909	4908	1611	1610
1567	5	5	1265	1264	4922	4923	4924	4912	1608	1266
1568	5	5	4925	4926	3431	3430	3435
1569	5	5	4684	4685	4927	4925	3435	3434
1570	5	5	3241	3240	3239	3252	4928	4929	3523
1571	5	5	4930	4841	3521	3520	3523	4929
1572	5	5	1066	1065	2599	3003	3005	4930	4929	4928
1573	5	5	1968	1074	1073	1067	1066	4928	3252
1574	5	5	4839	4837	4836
1575	5	5	1869	1868	4840	4839	4836	4835
1576	5	5	2314	4059	2123	2122	2125	2315
1577	5	5	958	957	3015
1578	5	5	2047	2046	1394	1393	960	959	958	3015	2048
1579	5	5	2186	4931	3882	3881	2187
1580	5	5	537	541	2191	2190	2189	538
1581	5	5	1932	1931	1936	4932	4014	4013
1582	5	5	4933	4934	4009	4008	4014	4932
1583	5	5	1935	1939	717	716	723	4933	4932	1936
1584	5	5	4012	1933	1932	4013
1585	5	5	4277	4373	4374	4935	4936	4937	4938	4278
1586	5	5	4939	4940	4275	4274	4278	4938
1587	5	5	4941	4942	4943	4944	4939	4938	4937
1588	5	5	4945	4946	4947	4941	4937	4936
1589	5	5	3193	3192	3191	1408	1407	4945	4936	4935
1590	5	5	4372	3194	3193	4935	4374
1591	5	5	2968	2974	4948	2321	2320	2969
1592	5	5	2319	2318	2338	4949	2970	2969	2320
1593	5	5	4838	2323	2322	2321	4948
1594	5	5	2973	4356	4838	4948	2974
1595	5	5	4341	4950	4951	4952	4953	4336	4335
1596	5	5	4954	4337	4336	4953
1597	5	5	4955	4954	4953	4952
1598	5	5	4956	2563	2562	4955	4952	4951
1599	5	5	4957	4958	4956	4951	4950
1600	5	5	4340	4959	4960	4961	4957	4950	4341
1601	5	5	3743	4962	4963	4849	3744
1602	5	5	3457	3456	4849	4963
1603	3	3	3743	3742	3739	3738	3737	4964	4965	4966	4967	4968	4969	4970	4971	4972	4973	4974	3459	3458	3457	4963	4962
1604	5	5	4975	4976	341	340	3421	4977
1605	5	5	3166	3165	3164	4978	4977	3421
1606	4	4	4975	4979	853	852	851	850	849	4980	4981	334	333	336	342	341	4976
1607	5	5	4978	846	845	853	4979	4975	4977
1608	5	5	4982	4983	4946	4945	1407	1406
1609	5	5	1040	1039	4984	4982	1406	1405
1610	5	5	4073	206	205	210	4069	4071
1611	5	5	4391	4985	4986	4987	3510	3509	4988	2908	2907	2906	2919	2918	2917
1612	5	5	4989	803	802	801	800	811	4990	4330	2523	2522	2521	2520	2519	2908	4988
1613	5	5	3493	3492	4989	4988	3509
1614	1	1	4986	4991	4992	4993	4994	4995	4996	4997	3944	3943	3942	4998	4999	5000	5001	5002	5003	5004	5005	5006	5007	3508	3507	3506	3510	4987
1615	5	5	4991	4986	4985
1616	5	5	4390	4407	4993	4992	4991	4985	4391
1617	5	5	5008	4436	4435	4439
1618	5	5	4032	4038	5009	5010	5008	4439	4033
1619	5	5	5011	5012	5013	5014	5015
1620	5	5	5016	4414	4413	5015	5014
1621	5	5	4114	3841	3840	5017	5016	5014	5013
1622	5	5	5018	4306	4119	4115	4114	5013	5012
1623	4	4	5019	4412	4411	4410	4415	4417	3064	3063	3062	3067	3066	4305	4304	4307	4306	5018	5012	5011
1624	5	5	4413	4412	5019	5011	5015
1625	5	5	5020	3951	3410	3409	4829	4830
1626	5	5	2743	2747	5020	4830	2744
1627	5	5	2173	981	980
1628	5	5	4169	5021	5022	5023	3849	3848	4170
1629	5	5	3847	3850	3864	4170	3848
1630	5	5	5024	3845	3844	3849	5023
1631	5	5	5025	5026	1317	1316	1319	5027	5024	5023	5022
1632	4	4	4169	4168	4167	4161	4160	4159	5028	4421	4420	4419	4418	5029	5026	5025	5022	5021
1633	5	5	5030	5031	2215	2214	2218	5032
1634	5	5	2217	3271	5033	5034	5032	2218
1635	5	5	5035	5036	5037	2216	2215	5031
1636	5	5	5038	5039	5035	5031	5030
1637	5	5	5034	5038	5030	5032
1638	5	5	1598	3377	3376	1599
1639	5	5	5040	5041	610	601	600
1640	5	5	5042	5043	5044	5045	4702	1024	1023	5046	5040	600	599
1641	5	5	2790	2789	2791	5042	599	598
1642	5	5	2561	2560	2569	4339	4338
1643	5	5	4337	4954	4955	2562	2561	4338
1644	5	5	1712	1711	5047	5048	5049
1645	2	2	5047	5050	1771	1770	1769	1775	1774	5051	5052	5053	5054	5055	5056	5057	2468	2467	2466	4273	4275	4940	4939	4944	4943	5058	5059	5060	5061	5062	5049	5048
1646	5	5	1710	1709	5063	1772	1771	5050	5047	1711
1647	5	5	5062	5061	5064	5065	5066	1694	1693	1697	1713	1712	5049
1648	5	5	5067	5068	5069	1660	1659	1662	4227
1649	5	5	4225	4637	5070	5071	5067	4227	4226
1650	5	5	4788	5072	5073	5074	4077	4076	3337	3336
1651	5	5	1392	1398	5075	962	961	960	1393
1652	5	5	4046	4045	3473	3472	2431	2430	2434
1653	5	5	5076	4057	4056	4048	4047	4046	2434	2433
1654	4	4	2422	2421	2420	2877	2876	2881	2880	2879	5077	5076	2433	2432
1655	5	5	2428	2431	3472	2264	2251	2250	5078	2429
1656	5	5	4924	4923	2427	2426	2429	5078
1657	5	5	2249	4913	4912	4924	5078	2250
1658	5	5	5079	5080	5081	5082	5083	5084	30	29	5085	5086	5087
1659	5	5	5088	5089	5090	3814	3799	3647	3646	3645	5091	5087	5086
1660	5	5	5092	5088	5086	5085
1661	5	5	28	5093	5094	5092	5085	29
1662	5	5	31	30	5084
1663	4	4	5082	5081	5080	5079	5095	5096	5097	5098	5099	32	31	5084	5083
1664	5	5	5091	5100	5096	5095	5079	5087
1665	5	5	4528	1789	1788	5101
1666	5	5	1787	1794	1793	1803	1802	3894	5101	1788
1667	5	5	3894	3893	3900	5102	5103	4529	4528	5101
1668	5	5	3884	3883	3882	4931	3940	3939	3941
1669	5	5	2186	2185	2184	3940	4931
1670	5	5	3878	3877	3884	3941
1671	5	5	4085	4092	4572	4683	4086
1672	5	5	4571	4682	4683	4572
1673	5	5	5069	5068	5104	4891	4890
1674	5	5	5105	1661	1660	5069	4890	4889
1675	5	5	2462	2461	2468	5057	5056	5055	5105	4889	4888
1676	5	5	2463	2462	4888	4887
1677	4	4	4893	4892	5106	5107	5108	5109	5110	5111	5112	5113	4885	4884	4883	4894
1678	5	5	5104	5114	5109	5108	5107	5106	4892	4891
1679	5	5	2216	5037	1957	1956	489	488	493
1680	5	5	3247	3246	3245	3244	3516	3519	4533	4532	5115
1681	5	5	4531	4536	5116	3916	3915	5115	4532
1682	5	5	3518	4843	4534	4533	3519
1683	5	5	3915	3914	3249	3248	3247	5115
1684	5	5	5117	756	755	763	5118	5119
1685	5	5	967	966	5119	5118
1686	5	5	762	3327	969	968	967	5118	763
1687	5	5	5120	5121	757	756	5117
1688	5	5	966	965	964	4367	4366	5120	5117	5119
1689	5	5	3414	3419	5122	3415
1690	5	5	5123	1824	1823	1830	3416	3415	5122
1691	5	5	3418	4003	5123	5122	3419
1692	5	5	4254	2330	2329	2328	4840	1868	1867	4253
1693	5	5	4365	5124	5121	5120	4366
1694	5	5	963	962	5075	4368	4367	964
1695	5	5	5125	1739	1723	1722	5126
1696	5	5	1721	1724	5127	5128	5129	5126	1722
1697	5	5	5130	5131	5132	1740	1739	5125
1698	5	5	5129	5133	5134	5130	5125	5126
1699	4	4	3700	3970	3969	3972	3971	5135	5136	5137	3694	3693	3692	3691	3701
1700	5	5	4721	4720	4898
1701	5	5	2848	2847	2851	4477	4476	3962	3961	3964
1702	5	5	5138	5139	5140	3946	3945	3950
1703	5	5	5141	789	788	3402	3946	5140
1704	5	5	5113	5112	5111	5142	5143	5141	5140	5139
1705	5	5	5144	4886	4885	5113	5139	5138
1706	5	5	3949	5145	5144	5138	3950
1707	5	5	4926	5146	5147	4301	4300	3432	3431
1708	5	5	5148	3643	3642	3099	3098	16	15	22
1709	5	5	5149	5148	22	21
1710	5	5	5098	5097	5096	5100	5149	21	20
1711	5	5	24	32	5099	5098	20	19
1712	5	5	5150	4567	4566	4091	4090
1713	5	5	5151	5152	5153	5154	4568	4567	5150
1714	5	5	4089	4107	4106	5155	5151	5150	4090
1715	5	5	4025	4022	4021	4172
1716	5	5	155	4024	4023	4025	4172	156
1717	5	5	5156	5157	3812	3811	3810	3809	3817	5158
1718	5	5	3816	5159	5160	5161	5158	3817
1719	5	5	5162	5163	5164	5165	5166	3804	3803	3813	3812	5157
1720	5	5	5167	5168	5162	5157	5156
1721	5	5	5161	5169	632	631	637	5167	5156	5158
1722	5	5	5170	5171	1153	824	823
1723	5	5	5172	5173	5174	3756	3755	1154	1153	5171
1724	5	5	828	827	5175	5176	5172	5171	5170
1725	5	5	822	828	5170	823
1726	5	5	1437	1436	1435	2898	2897	2902	4165	4164
1727	5	5	2901	5177	3050	3049	3048	4165	2902
1728	5	5	4163	1439	1438	1437	4164
1729	5	5	5178	5179	5173	5172	5176
1730	5	5	5180	5181	5178	5176	5175
1731	5	5	826	4001	5182	5183	5180	5175	827
1732	5	5	5184	3288	3287	3292	3295	5185
1733	5	5	3294	3930	3934	5185	3295
1734	5	5	3933	3932	4150	4149	4810	4809	5186	3289	3288	5184
1735	5	5	3934	3933	5184	5185
1736	5	5	5187	5188	1727	1726	1738	1737	5189
1737	5	5	1736	1735	5190	5189	1737
1738	5	5	3570	1084	1077	1076	1079	1117	1727	5188
1739	5	5	4103	4102	4101	3571	3570	5188	5187
1740	5	5	5190	4105	4104	4103	5187	5189
1741	5	5	2865	2864	2863	4997	4996	4995	5191
1742	5	5	4994	4993	4407	4406	5191	4995
1743	5	5	2862	3944	4997	2863
1744	5	5	4406	4405	4404	2867	2866	2865	5191
1745	5	5	2505	2504	2503	2502	2509	5192	5193
1746	5	5	1760	1759	5194	5193	5192
1747	5	5	2508	2511	4329	5195	1755	1754	1760	5192	2509
1748	5	5	5194	5196	5197	3656	2507	2506	2505	5193
1749	5	5	443	4139	439	438
1750	5	5	2778	2777	4696	4695	4704	5198	5043	5042	2791
1751	5	5	5199	5200	5201	5202	2200	2157	2156
1752	5	5	2167	2166	5203	5204	5199	2156	2155
1753	5	5	5205	5206	5169	5161	5160
1754	5	5	4967	4966	4965	633	632	5169	5206
1755	5	5	5207	4968	4967	5206	5205
1756	5	5	5159	5208	5207	5205	5160
1757	5	5	5147	5146	4927	4685	2826	2815	2814
1758	5	5	1929	1966	1965	1971	3226	4301	5147	2814	1930
1759	5	5	3587	2101	2100	2105	2109	3731	3730	3588
1760	5	5	5209	5210	1379	1378	3503	3502	3501
1761	5	5	4918	4917	4916	1380	1379	5210
1762	5	5	5211	4920	4919	4918	5210	5209
1763	5	5	3500	3499	5007	5006	5005	5211	5209	3501
1764	5	5	2928	2924	2923
1765	5	5	3053	3052	5212	3128
1766	5	5	5213	2900	2899	2904	3128	5212
1767	5	5	3051	5214	5213	5212	3052
1768	4	4	41	5215	5216	5217	5218	5219	5220	5221	43	42
1769	5	5	47	3451	3454	5216	5215	41	40
1770	5	5	5222	5223	35	34	38	44
1771	5	5	5221	5220	5224	5222	44	43
1772	5	5	5225	5226	4358	4357	4361
1773	5	5	4610	5225	4361	4360
1774	5	5	1147	106	105	1145	1144
1775	5	5	5227	4732	1142	1141	1146
1776	5	5	105	104	5228	5229	5230	5227	1146	1145
1777	5	5	5231	3253	2143	2142	4854
1778	5	5	5232	5233	5231	4854	4853
1779	5	5	4593	4586	4549	4548	5232	4853	4852
1780	5	5	1563	1562	1561	4593	4852	4851
1781	5	5	5105	5055	5054	5234	1649	1648	1647	1661
1782	5	5	4651	4652	1949	1948	5235	5236	5237	5238	4291	4290	4296
1783	5	5	1158	1157	5239	1849	1848
1784	5	5	5240	4787	4786	1850	1849	5239
1785	5	5	1156	1160	5240	5239	1157
1786	5	5	2845	5241	5242	5243	4182	4181	4180	2984	2846
1787	5	5	5091	3645	3644	3643	5148	5149	5100
1788	5	5	4828	4827	4716	4715	5244	3713	3712	3718
1789	5	5	2657	2656	1624	1623	1628	5245	5246	5247	5248
1790	5	5	5183	5182	5248	5247
1791	5	5	5249	5181	5180	5183	5247	5246
1792	5	5	4576	4575	4579	5250	5251	5249	5246	5245
1793	5	5	1627	1631	2757	4576	5245	1628
1794	5	5	5182	4001	2659	2658	2657	5248
1795	5	5	4927	5146	4926	4925
1796	5	5	4254	4250	4249	2331	2330
1797	5	5	5252	5253	3715	3714
1798	5	5	5244	3059	3058	3057	5252	3714	3713
1799	5	5	5253	3056	3055	3127	3131	3715
1800	5	5	3304	3846	5254	5255	4133	3301	3300
1801	5	5	4134	4133	5255
1802	5	5	5027	1319	1294	1293	4134	5255	5254
1803	5	5	3845	5024	5027	5254	3846
1804	5	5	4959	4340	3977	3976	3981
1805	5	5	3980	5256	5257	5258	4960	4959	3981
1806	5	5	2213	2212	4285	2615	2614	2613
1807	5	5	1134	1133	1132	4895	5128	5127
1808	5	5	4659	4658	5133	5129	5128	4895
1809	5	5	1724	1136	1135	1134	5127
1810	5	5	4708	1019	1018	1025	4701
1811	5	5	4700	4705	4708	4701
1812	5	5	5037	5036	1952	1951	1957
1813	5	5	5259	5116	4536	4535
1814	5	5	3598	3597	3601	5260	5259	4535	3599
1815	5	5	3685	3684	3683	4197	4196	4195	4211	5261	5262
1816	3	3	4211	4210	4214	4213	4630	4629	5263	5264	5265	5266	5267	5268	5269	5270	5271	5262	5261
1817	5	5	5271	5270	5269	4669	4668	1538	1537	1536	1535	3687	3686	3685	5262
1818	5	5	3653	3652	4342	3805	3804	5166	4126	4124	3654
1819	5	5	3586	3591	5272	5072	4788	2102	2101	3587
1820	5	5	2108	4332	3732	3731	2109
1821	5	5	1355	1357	3162	3161	3911	1353	1352
1822	5	5	2747	2746	2749	3952	3951	5020
1823	5	5	3947	3952	2749	2748	4686	3948
1824	5	5	4385	4384	4383	5145	3949	3948	4686
1825	5	5	3996	3995	5273	5274	4478
1826	5	5	3782	3781	3988	3991	4478	5274
1827	5	5	4679	4678	4570	4569	3783	3782	5274	5273
1828	5	5	3994	4734	4733	4680	4679	5273	3995
1829	5	5	1031	1030	1035	1404	3214
1830	5	5	5275	5204	5203	5276	1912	1911	1913
1831	5	5	1612	5201	5200	5275	1913	1613
1832	5	5	1400	1229	1228	1233	1397	1396
1833	5	5	1233	1232	4368	5075	1398	1397
1834	5	5	4216	4221	4819	4818	4173	3551	3550	3555
1835	5	5	1825	4002	784	783	1826
1836	5	5	4816	4815	4817	5277	2829	2828	2830
1837	5	5	1784	4814	4813	4812	4816	2830	1785
1838	5	5	636	5278	5168	5167	637
1839	5	5	5279	5280	5281	5282	5283	5284
1840	5	5	5224	5220	5219	5218	5217	3453	3452	3460	5284	5283
1841	5	5	5285	5223	5222	5224	5283	5282
1842	3	3	5280	5286	5287	5288	5094	5093	28	27	26	36	35	5223	5285	5282	5281
1843	5	5	4973	4972	4971	5289	5290	5287	5286	5280	5279
1844	5	5	3460	3459	4974	4973	5279	5284
1845	5	5	2424	5291	5292	5293	2425
1846	5	5	5294	5295	2418	2417	2425	5293
1847	5	5	5296	4766	4765	5294	5293	5292
1848	5	5	5297	5298	5296	5292	5291
1849	5	5	2423	2427	4923	4922	5297	5291	2424
1850	5	5	5252	3057	3056	5253
1851	5	5	4934	4006	4005	4010	4009
1852	5	5	4005	4004	4007	4010
1853	5	5	3181	3180	3144	3143	345	344	350
1854	5	5	5000	4999	5299	5300
1855	5	5	5301	2202	2201	5302	5300	5299
1856	5	5	4998	3942	2179	2178	2199	2198	5301	5299	4999
1857	5	5	5302	5303	5304	5305	5001	5000	5300
1858	5	5	5306	5307	5308	5309	5310	2002	2001	2000	5311
1859	5	5	1999	2022	3960	3963	5311	2000
1860	5	5	2004	2003	2002	5310
1861	5	5	5312	5313	2005	2004	5310	5309
1862	5	5	5314	5315	5316	5312	5309	5308
1863	4	4	5306	5317	5318	4424	4423	4422	4429	4428	5315	5314	5308	5307
1864	5	5	3963	3962	4476	4425	4424	5318	5317	5306	5311
1865	5	5	1241	5017	3840	1242
1866	5	5	4052	4055	5164	5163	5278	636	618	617	3467	3471
1867	5	5	5227	5230	5319	4155	4154	4156	4732
1868	5	5	2289	5320	5321	2112	2111	2285
1869	5	5	5322	5323	2113	2112	5321
1870	5	5	5324	3898	3897	5322	5321	5320
1871	3	3	2288	2287	3316	3315	3314	5325	5326	5327	5328	5103	5102	3900	3899	3898	5324	5320	2289
1872	5	5	5213	5214	5177	2901	2900
1873	5	5	5235	1948	1947	1955
1874	3	3	1953	5329	5330	5331	5332	5333	2062	2061	2060	4451	4450	4454	4453	5334	5238	5237	5236	5235	1955	1954
1875	5	5	5036	5035	5039	5335	5329	1953	1952
1876	5	5	4498	4497	1991	1990	1998	5336
1877	5	5	1997	2020	2019	5337	5338	5336	1998
1878	5	5	5338	5339	4499	4498	5336
1879	5	5	658	3778	3903	3892	687	654	653
1880	5	5	929	1962	1963	4649	926	925
1881	5	5	1950	1949	4652	4650	4649	1963
1882	5	5	3163	843	842	846	4978	3164
1883	5	5	5340	5341	5342	5343	5344	5345
1884	5	5	5346	5347	4776	4775	5348	5349	5345	5344
1885	5	5	5350	5351	5352	5353	5346	5344	5343
1886	5	5	5354	5355	5350	5343	5342
1887	5	5	5356	4609	4608	5357	5358	5354	5342	5341
1888	5	5	5359	5360	5361	5356	5341	5340
1889	5	5	5349	5359	5340	5345
1890	5	5	241	240	250
1891	4	4	248	4906	4905	4904	4907	5362	5363	5364	2655	2654	243	242	241	250	249
1892	5	5	2635	2634	5365	4465	3011
1893	5	5	4460	4459	4458	4465	5365
1894	5	5	2633	4462	4461	4460	5365	2634
1895	5	5	5297	4922	1264	1263	1262	1277
1896	5	5	4769	4768	5298	5297	1277	1276
1897	5	5	5351	4581	4580	5366	5352
1898	5	5	5367	4773	4772	4777	5368	5353	5352	5366
1899	5	5	2759	4574	5367	5366	4580
1900	5	5	5350	5355	3772	3771	5369	5370	4582	4581	5351
1901	5	5	3901	3905	4261	5371	3902
1902	5	5	2107	5323	5322	3897	3896	3902	5371
1903	5	5	4260	4259	4332	2108	2107	5371	4261
1904	5	5	4784	5372	5373	5374	2275	2274	2273	2272	4785
1905	5	5	1391	1390	1395	4223
1906	2	2	2	1	0	11	10	3078	3077	5375	3355	3354	591	590
1907	5	5	5376	4489	4488	5243	5242
1908	5	5	5377	5378	5376	5242	5241
1909	5	5	2844	3966	5377	5241	2845
1910	5	5	4488	4487	4490	4491	4492	522	521	4185	4184	4183	4182	5243
1911	5	5	4764	4763	5295	5294	4765
1912	5	5	5298	4768	4767	4766	5296
1913	5	5	2868	2867	4404	4403	4402	2869
1914	5	5	4916	4915	1362	1361	1360	1380
1915	5	5	804	3496	3495	3504	1376	805
1916	5	5	2571	2580	5136	5135	3971	2572
1917	5	5	5379	5380	5381	5382
1918	5	5	5132	5131	5383	5384	5385	5382	5381
1919	5	5	5386	1741	1740	5132	5381	5380
1920	5	5	5387	5388	5389	5386	5380	5379
1921	5	5	5385	4232	4231	4568	5154	5387	5379	5382
1922	5	5	5390	1001	1000	5391	5392
1923	5	5	5393	4866	4865	5394	5395	5396	5392	5391
1924	4	4	999	998	1007	1006	1005	2957	4861	4860	4867	4866	5393	5391	1000
1925	5	5	5397	5398	1002	1001	5390
1926	5	5	5396	5399	5397	5390	5392
1927	5	5	5400	50	49	55	2541
1928	5	5	3450	51	50	5400
1929	5	5	2537	2536	2937	2938	2941	3450	5400	2541
1930	5	5	5401	1512	1511	1517	2083
1931	5	5	4138	4137	5402	5403	5401	2083	2082
1932	5	5	428	427	4135	4138	2082	2081
1933	5	5	3155	3154	3233	3237
1934	5	5	3157	3156	3155	3237	3236
1935	5	5	1961	920	919	641	640	1960	1959
1936	5	5	3838	5404	3465	3464
1937	5	5	5405	4850	3466	3465	5404
1938	5	5	3837	4222	5405	5404	3838
1939	5	5	464	470	469	918	917	465
1940	5	5	3773	3772	5355	5354	5358
1941	5	5	3769	3768	3767	3773	5358	5357
1942	5	5	4607	3764	3770	3769	5357	4608
1943	5	5	5361	5226	5225	4610	4609	5356
1944	5	5	2192	2191	541	540	544
1945	5	5	5406	2346	2345	4155	5319
1946	5	5	5407	5408	2347	2346	5406
1947	5	5	5230	5229	5409	5407	5406	5319
1948	5	5	4229	5378	5377	3966	3965
1949	5	5	1606	5410	5202	5201	1612	1607
1950	5	5	4512	5411	5412	5413	4807	4806	4513
1951	5	5	3259	3258	3269	4176	4175	4178
1952	5	5	4101	4100	4099	3183	3182	362	361	3571
1953	5	5	5414	5415	5416	5417	1182	1181	1188
1954	5	5	5418	1708	1707	1706	4618	5419	5414	1188	1187
1955	5	5	1773	5420	5418	1187	1186
1956	5	5	2172	2171	2196	2195	2194	3779	3780
1957	5	5	4736	4744	4370	1977	889	888	887	906	905
1958	5	5	887	886	906
1959	5	5	5199	5204	5275	5200
1960	5	5	4707	4706	5421	4983	4982	4984
1961	5	5	1021	1020	4707	4984	1039
1962	5	5	2368	5422	5423	3317	3313	3312	3311	2369
1963	5	5	2559	736	735	734	2558
1964	5	5	1160	1159	1165	5372	4784	4783	4787	5240
1965	5	5	5367	4574	4573	4773
1966	5	5	2202	5301	2198	2197
1967	5	5	5415	5414	5419
1968	5	5	4618	4617	5424	5416	5415	5419
1969	5	5	4946	4983	5421	5066	5065	4947
1970	5	5	5064	5425	4942	4941	4947	5065
1971	5	5	4706	1695	1694	5066	5421
1972	5	5	4803	4151	2355	2354	5277	4817	4804
1973	5	5	4421	5028	4159	3041	3040	3065	4416
1974	5	5	4886	5144	5145	4383	4382	4882
1975	5	5	4162	4166	1442	1441	1440	1439	4163
1976	5	5	5303	5302	2201	2200	5202	5410
1977	5	5	1605	5304	5303	5410	1606
1978	5	5	4624	4233	4232	5385	5384
1979	5	5	5383	4625	4624	5384
1980	5	5	4763	4762	2875	2874	2419	2418	5295
1981	5	5	1201	1200	5426	5427	5428	5052	5051	1774	1202
1982	5	5	2792	4647	5429	3270	505	504
1983	5	5	5430	5431	5432	5417	5416	5424
1984	5	5	4616	5430	5424	4617
1985	5	5	2779	5433	5434	5435	5436	2780
1986	5	5	2776	2775	2780	5436
1987	5	5	4697	4696	2777	2776	5436	5435
1988	5	5	5437	4698	4697	5435	5434
1989	5	5	4821	4820	4219	4218	5437	5434	5433
1990	5	5	1499	1498	4821	5433	2779
1991	5	5	464	463	470
1992	5	5	473	643	642	641	919	918	469	468
1993	5	5	4848	5438	5439	2377	2376
1994	5	5	5439	5373	5372	1165	1164	2377
1995	5	5	5268	5267	4664	4663	4669	5269
1996	5	5	5249	5251	5440	5441	5179	5178	5181
1997	5	5	4140	5442	5443	5402	4137	4136
1998	5	5	2979	5444	5445	5196	5194	1759	1758
1999	3	3	5444	5446	5447	5448	5449	5450	5451	5452	5453	5454	5455	3664	3663	3662	3665	3658	3657	3656	5197	5196	5445
2000	5	5	2978	5456	1198	1197	1196	5447	5446	5444	2979
2001	5	5	1655	1654	5426	5457	5456	2978	1656
2002	5	5	3385	5458	5459	5460	5461	3388	3386
2003	5	5	3111	3110	4822	2809	2808	3390
2004	5	5	3113	3112	3111	3390	3389
2005	5	5	5461	5462	5463	3115	3114	3113	3389	3388
2006	5	5	4011	5464	1934	1933	4012
2007	5	5	4503	4502	4501	5465	5466	5467
2008	5	5	5033	3271	3270	5429	5467	5466
2009	5	5	5468	5469	5335	5039	5038	5034	5033	5466	5465
2010	5	5	4500	4499	5339	5468	5465	4501
2011	5	5	5429	4647	4646	4506	4505	4504	4503	5467
2012	5	5	4289	4464	4463	4462	2633	2632	4287
2013	5	5	3832	3826	3825	3407	3406	3411	3413
2014	5	5	3417	5470	5471	3829	3828	3832	3413	3412
2015	5	5	5134	4667	4666	4626	4625	5383	5131	5130
2016	5	5	4715	4714	4726	4725	3035	3034	3061	3060	3059	5244
2017	4	4	5461	5460	5459	720	719	718	726	725	4468	4467	5463	5462
2018	5	5	4467	4466	3117	3116	3115	5463
2019	5	5	5472	4217	4208	4207	4206
2020	5	5	4699	4698	5437	4218	4217	5472
2021	5	5	4205	4204	4693	4692	4691	4690	4699	5472	4206
2022	5	5	5473	5258	5257	5474	5475
2023	5	5	4312	4311	4310	5475	5474
2024	5	5	5256	5476	4314	4313	4312	5474	5257
2025	5	5	5454	5453	4961	4960	5258	5473
2026	5	5	4310	4309	3660	3659	3664	5455	5454	5473	5475
2027	5	5	1878	1877	4358	5226	5361	5360
2028	5	5	5359	5349	5348	4779	1880	1879	1878	5360
2029	5	5	5395	5423	5422	5477	5399	5396
2030	5	5	5477	2375	2374	5478	5479	5480	5398	5397	5399
2031	5	5	2375	5477	5422	2368	2367
2032	5	5	1967	5464	4011	1071	1070
2033	5	5	679	678	2829	5277	2354	2353	680
2034	5	5	4824	3830	3829	5471	5481
2035	5	5	5470	5482	1844	1843	1842	4717	5481	5471
2036	5	5	4717	4716	4827	4826	4825	4824	5481
2037	5	5	5060	5425	5064	5061
2038	5	5	4060	4078	4077	5074	4074
2039	5	5	5073	4642	4641	202	201	4075	4074	5074
2040	5	5	5094	5288	5287	5290	5089	5088	5092
2041	5	5	5378	4229	4228	4489	5376
2042	5	5	983	2159	2168	979	978
2043	5	5	5483	5484	3895	1800	1799	1798
2044	5	5	1804	672	671	670	689	688	3891	3895	5484
2045	5	5	1796	1795	1804	5484	5483
2046	5	5	1797	1796	5483	1798
2047	5	5	4841	4930	3005	3004
2048	5	5	5327	5326	5485	4863	4862	4872
2049	5	5	4518	4529	5103	5328	5327	4872	4519
2050	4	4	4870	4869	5486	5487	5488	4523	4522	4521	4520	4871
2051	5	5	4875	5489	4517	4516	4523	5488	5487	5486	4869	4868
2052	5	5	5143	4636	4635	4640	791	790	789	5141
2053	5	5	2309	2965	2964	4949	2338	2310
2054	5	5	5490	4738	4737	607	606	610	5041
2055	5	5	5046	5491	4741	4740	4739	5490	5041	5040
2056	5	5	327	326	4980	849	848
2057	5	5	3741	4850	5405	4222	1670	1669
2058	5	5	4317	4316	4315	1046	1045	1050
2059	5	5	4314	5476	1388	1387	1047	1046	4315
2060	5	5	1049	1055	4319	4318	4317	1050
2061	5	5	1829	1833	5482	5470	3417	3416	1830
2062	5	5	4003	4002	1825	1824	5123
2063	4	4	2348	2347	5408	5407	5409	5229	5228	104	103	102	110	109	4730	4729	4731	2359	2358	2350	2349
2064	5	5	2550	2555	5492	5493	1937	1925	1924	2551
2065	5	5	2673	580	579	3352	2688	2674
2066	5	5	3174	3187	3186	3175
2067	5	5	3185	3184	4098	4097	4096	3176	3175	3186
2068	5	5	4657	4667	5134	5133	4658
2069	3	3	990	989	997	996	995	5494	5480	5479	5478	5495	5496	5497	5498	3754	3753	3752	3751	3761	3760	3765
2070	5	5	5492	2555	2554	2557
2071	5	5	714	5493	5492	2557	715
2072	5	5	5016	5017	1241	1240	1256	1255	4414
2073	5	5	4352	4437	5499	4344	4343
2074	5	5	2393	2392	4346	4345
2075	5	5	5499	5500	2394	2393	4345	4344
2076	5	5	3351	3350	4564	4563	2641	2640
2077	5	5	4582	5370	5501	5502	5503	5504	4578	4577
2078	5	5	5504	5250	4579	4578
2079	5	5	5153	5388	5387	5154
2080	5	5	5152	5505	5389	5388	5153
2081	5	5	5506	5316	5315	4428	4427	5507
2082	5	5	4323	4322	5507	4427
2083	5	5	1054	1053	5313	5312	5316	5506
2084	5	5	4322	4321	4320	4319	1055	1054	5506	5507
2085	5	5	3436	3441	3622	3437
2086	5	5	4547	5508	3255	3254	5233	5232	4548
2087	5	5	3758	5509	5369	3771	3759
2088	5	5	3492	3491	3496	804	803	4989
2089	2	2	811	810	809	5510	5511	4639	4638	1749	1748	1753	1752	1756	1755	5195	4329	4328	4327	4331	4330	4990
2090	5	5	1939	1938	713	712	717
2091	5	5	5166	5165	4054	4053	4125	4126
2092	5	5	4753	4752	4760	5512	2670	2669	2668	4900
2093	5	5	3979	5513	1399	1389	1388	5476	5256	3980
2094	5	5	2967	3369	3368	2961	2960
2095	5	5	3368	3367	3366	4874	4873	4876	2962	2961
2096	5	5	5514	5515	5509	3758	3757
2097	5	5	5174	5516	5517	5514	3757	3756
2098	5	5	5498	5497	1168	1155	1154	3755	3754
2099	5	5	5480	5494	995	994	1002	5398
2100	5	5	331	334	4981	4980	326	325
2101	5	5	5515	5501	5370	5369	5509
2102	5	5	4050	4049	4048	4056
2103	5	5	5077	2879	2878	4057	5076
2104	5	5	4842	308	307	4534	4843
2105	5	5	5137	5136	2580	1180	1179	1183	5518	5519	4631	3695	3694
2106	5	5	3366	3365	3364	5489	4875	4874
2107	5	5	1199	1198	5456	5457
2108	5	5	5426	1200	1199	5457
2109	5	5	1653	1652	5427	5426	1654
2110	5	5	4118	3036	3035	4725	4724	4723	4722	3607	3606	3615
2111	5	5	5520	5090	5089	5290	5289
2112	5	5	5521	3815	3814	5090	5520
2113	5	5	4971	4970	4969	5522	5521	5520	5289
2114	5	5	5523	1651	1650	1649	5234
2115	5	5	5053	5052	5428	5523	5234	5054
2116	5	5	5238	5334	4453	4292	4291
2117	5	5	1851	226	225	1852
2118	5	5	3364	3363	4517	5489
2119	5	5	1354	3912	3918	3600	1350	1349
2120	5	5	1230	5513	3979	1227	1226
2121	5	5	5263	4629	4628	4623	4622	5524
2122	5	5	4621	4627	5525	5524	4622
2123	5	5	5525	5526	5265	5264	5263	5524
2124	5	5	4964	3737	634	633	4965
2125	5	5	5452	5451	4958	4957	4961	5453
2126	5	5	1169	1168	5497	5496	5495	5478	2374	2373
2127	5	5	1167	1166	1169	2373	2372
2128	5	5	4224	2007	2006	2005	5313	1053	1052
2129	5	5	5063	5420	1773	1772
2130	5	5	1709	1708	5418	5420	5063
2131	5	5	2164	2163	3344	5527	4755	4754	5528
2132	5	5	1284	1283	1912	5276	5528	4754
2133	4	4	3344	3343	3342	3341	3340	4758	4757	4756	4755	5527
2134	5	5	5276	5203	2166	2165	2164	5528
2135	5	5	4560	1476	1475	4597	4596	4605
2136	5	5	5142	5070	4637	4636	5143
2137	5	5	4639	5511	5510	809	792	791	4640
2138	5	5	5529	4553	4552	4177	4176	3269	3268
2139	5	5	3255	5508	5529	3268	3256
2140	5	5	1832	1844	5482	1833
2141	5	5	5513	1230	1229	1400	1399
2142	4	4	2390	2389	2388	2396	2395	5530	5531	5532	5533	5534	2729	2728	2386	2385
2143	5	5	5535	4620	3680	3679	3678	4633	5536
2144	5	5	4632	4631	5519	5536	4633
2145	5	5	5431	5430	4616	4615	4619	4620	5535
2146	5	5	5519	5518	5432	5431	5535	5536
2147	5	5	4914	2247	1363	1362	4915
2148	5	5	713	1938	1937	5493	714
2149	5	5	303	308	4842	304
2150	5	5	4743	4742	4741	5491	5537	5538	5539
2151	5	5	5540	1027	1026	1029	5539	5538
2152	5	5	5540	5538	5537
2153	5	5	5046	1023	1022	1027	5540	5537	5491
2154	5	5	1029	1028	1033	4252	4743	5539
2155	5	5	4738	5490	4739
2156	5	5	1928	1934	5464	1967	1966	1929
2157	5	5	5347	5346	5353	5368
2158	5	5	4777	4776	5347	5368
2159	5	5	4949	2964	2963	2970
2160	5	5	5026	5029	4418	1318	1317
2161	5	5	4911	5305	5304	1605	1604
2162	5	5	2653	2652	5363	5362	4907	4903
2163	5	5	2651	2655	5364	5363	2652
2164	5	5	1701	1700	1699	1715	4694	4693	4204	4203
2165	5	5	5541	721	720	5459	5458
2166	5	5	5542	5543	722	721	5541
2167	5	5	3385	3384	3383	5542	5541	5458
2168	5	5	5450	5449	1194	1193	1192	2563	4956	4958	5451
2169	5	5	5250	5504	5503	5440	5251
2170	5	5	5502	5517	5516	5441	5440	5503
2171	5	5	2170	2196	2171
2172	5	5	3529	2478	2477	2483
2173	5	5	5007	3499	3498	3497	3505	3508
2174	5	5	5111	5110	5109	5114	5071	5070	5142
2175	5	5	5104	5068	5067	5071	5114
2176	5	5	5544	5438	4848	4847
2177	5	5	2268	2267	2276	2275	5374	5544	4847	4070
2178	5	5	5443	5442	2624	2623	4846	5545
2179	5	5	1513	1512	5401	5403	5545	4846
2180	5	5	4140	4139	443	442	2624	5442
2181	5	5	5403	5402	5443	5545
2182	5	5	5260	3601	3600	3918	3917
2183	5	5	3916	5116	5259	5260	3917
2184	5	5	5534	5533	5532	4037	4036	3532	3531	4376	2730	2729
2185	5	5	4565	4564	3350	3349	3631	4896
2186	5	5	4561	4565	4896	4562
2187	5	5	902	901	900	2762	2763	2766
2188	5	5	2470	2469	2474	4276
2189	5	5	3355	5375	3077	3076
2190	5	5	5004	5003	4910	4909	4921	4920	5211	5005
2191	5	5	5386	5389	5505	5546	1733	1732	1731	1730	1741
2192	5	5	5155	4106	4105	5190	1735	1734	1733	5546
2193	5	5	5152	5151	5155	5546	5505
2194	5	5	5547	5500	5499	4437	4436	5008	5010
2195	5	5	5548	5547	5010	5009
2196	5	5	4037	5532	5531	5530	5548	5009	4038
2197	5	5	5549	5550	5551	4266	4265	3146	3145	3172
2198	5	5	3179	5549	3172	3171
2199	5	5	5552	5485	5326	5325	3314	3319
2200	5	5	5394	4865	4864	5552	3319	3318
2201	5	5	5423	5395	5394	3318	3317
2202	5	5	5121	5124	5553	2723	758	757
2203	5	5	4968	5207	5208	5522	4969
2204	5	5	5208	5159	3816	3815	5521	5522
2205	3	3	3289	5186	4809	4808	4807	5413	5412	5411	5554	5555	5556	5557	5558	3866	3865	3291	3290
2206	5	5	5543	3382	3381	3380	3379	4006	4934	4933	723	722
2207	5	5	5348	4775	4774	4778	4779
2208	5	5	5559	5560	5561	5562	3178	3177
2209	5	5	5562	5550	5549	3179	3178
2210	4	4	5560	5563	5564	5565	4111	4110	4109	4108	4269	4268	4267	4266	5551	5550	5562	5561
2211	5	5	5566	5564	5563	5560	5559
2212	5	5	3176	4096	4095	4094	5566	5559	3177
2213	5	5	5425	5060	5059	5058	4943	4942
2214	5	5	4351	4350	4440	4438
2215	5	5	3866	5558	3854	3853	3852
2216	5	5	5557	5556	5555	5554	3357	3356	1417	1416	1422	3856	3855	3854	5558
2217	5	5	2106	2113	5323	2107
2218	4	4	4704	4703	4702	5045	5044	5043	5198
2219	5	5	669	668	689	670
2220	5	5	5514	5517	5502	5501	5515
2221	5	5	5173	5179	5441	5516	5174
2222	5	5	4598	1473	1472
2223	5	5	1479	4543	5567	4600	4599	4598	1472	1471
2224	5	5	3358	3357	5554	5411	4512
2225	5	5	5338	5337	5568	5569	5469	5468	5339
2226	5	5	5332	5331	5330	5329	5335	5469	5569
2227	5	5	2063	5333	5332	5569	5568
2228	5	5	2019	2018	2017	2063	5568	5337
2229	5	5	5428	5427	1652	1651	5523
2230	5	5	5518	1183	1182	5417	5432
2231	5	5	4864	4863	5485	5552
2232	5	5	4443	4645	4644	5272	3591	3590
2233	5	5	1443	1442	4166	3858	3857	1421	1420
2234	5	5	4760	4759	569	568	5512
2235	5	5	567	573	2672	2671	2670	5512	568
2236	5	5	3339	564	563	569	4759
2237	5	5	5526	5525	4627	4626	4666	4665
2238	5	5	5267	5266	5265	5526	4665	4664
2239	5	5	5165	5164	4055	4054
2240	5	5	4802	4146	4145	4153
2241	5	5	3805	4342	3806
2242	5	5	5003	5002	5001	5305	4911	4910
2243	5	5	3119	3118	883	882	904
2244	5	5	201	200	206	4073	4072	4075
2245	5	5	3051	3050	5177	5214
2246	5	5	5530	2395	2394	5500	5547	5548
2247	5	5	5233	3254	3253	5231
2248	5	5	3784	3783	4569	4237
2249	5	5	2178	2177	2199
2250	5	5	4364	4369	5553	5124	4365
2251	5	5	4036	4035	3533	3532
2252	5	5	5438	5544	5374	5373	5439
2253	5	5	5278	5163	5162	5168
2254	5	5	2219	2222	2723	5553	4369	2220
2255	5	5	2294	3316	2287	2286
2256	5	5	2008	2007	4224
2257	5	5	4148	4801	4800	4799	4810	4149
2258	5	5	920	1961	930	921
2259	5	5	4098	3184	3183	4099
2260	5	5	5333	2063	2062
2261	5	5	4592	4551	4550	4585
2262	5	5	2643	130	129
2263	5	5	119	118	124	130	2643
2264	5	5	2986	2985	148	147
2265	5	5	5508	4547	4546	4554	4553	5529
2266	5	5	4643	4642	5073	5072	5272	4644
2267	5	5	5567	5570	4602	4601	4600
2268	5	5	4541	4540	4539	4551	4592	4591	4603	4602	5570
2269	5	5	4543	4542	4541	5570	5567
2270	5	5	3110	3109	3108	4823	4822
2271	5	5	3107	3122	2239	2238	4823	3108
2272	5	5	873	872	885
2273	5	5	4093	4111	5565	5564	5566	4094
2274	5	5	5543	5542	3383	3382
2275	5	5	5217	5216	3454	3453
2276	5	5	1195	1194	5449	5448	5447	1196
