0	1	1	0	1	2	3	4	5	6	7	8	9	10	11	12	13	14	15	16	17	18	19	20	21
1	2	2	22	23	24	25	26	27	28	29	30	31	32	33	34	35
2	2	2	36	37	38	39	40	41	42	43	44	45	46	47	48	49	50	51
3	2	2	52	53	54	55	56	57	58	59	60	61	62	63	64	65	66	67	68	69
4	2	2	70	71	72	73	74	75	76	77	78	79	80	81	82	83	84	85
5	2	2	86	87	88	89	90	91	92	93	94	95	96	97	98	99	100
6	2	2	101	102	103	104	105	106	107	108	109	110	111	112	113	114	115	116
7	2	2	117	118	119	120	121	122	123	124	125	126	127	128	129	130	131	132	133	134	135	136	137	138	139
8	2	2	140	141	142	143	144	145	146	147	148	149	150	151	152	153	154
9	3	3	155	156	157	158	159	160	161	162	163	164	165	166	167	168	169
10	3	3	170	171	172	173	174	175	176	177	178	179	180	181	182	183	184	185
11	3	3	186	187	188	189	190	191	192	193	194	195	196	197	198
12	3	3	199	200	201	202	203	204	205	206	207	208	209	210	211	212	213	214	215	216	217
13	3	3	218	219	220	221	222	223	224	225	226	227	228	229	230	231	232	233
14	3	3	234	235	236	237	238	239	240	241	242	243	244	245	246	247	248	249	250
15	3	3	251	252	253	254	255	256	257	258	259	260	261	262	263	264	265
16	3	3	266	267	268	269	270	271	272	273	274	275	276	277	278	279
17	3	3	280	281	282	283	284	285	286	287	288	289	290	291	292	293	294
18	3	3	295	296	297	298	299	300	301	302	303	304	305	306	307	308	309	310	311	312	313
19	3	3	314	315	316	317	318	319	320	321	322	323	324	325
20	3	3	326	327	328	329	330	331	332	333	334	335	336	337	338	339	340	341
21	3	3	342	343	344	345	346	347	348	349	350	351	352
22	3	3	353	354	355	356	357	358	359	360	361	362	363
23	4	4	364	365	366	367	368	369	370	371	372	373	374	375
24	4	4	376	377	378	379	380	381	382	383	384	385	386
25	4	4	387	388	389	390	391	392	393	394	395	396	397	398	399	400	401
26	4	4	402	403	404	405	406	407	408	409	410	411	412	413
27	4	4	414	415	416	417	418	419	420	421	422	423	424	425	426
28	4	4	427	428	429	430	431	432	433	434	435	436	437	438	439
29	4	4	440	441	442	443	444	445	446	447	448	449	450	451	452	453
30	4	4	454	455	456	457	458	459	460	461	462	463	464	465	466
31	4	4	467	468	469	470	471	472	473	474	475	476	477
32	4	4	478	479	480	481	482	483	484	485	486	487	488	489	490
33	4	4	491	492	493	494	495	496	497	498
34	4	4	499	500	501	502	503	504	505	506	507	508	509
35	4	4	510	511	512	513	514	515	516	517	518	519	520	521	522	523	524	525	526
36	4	4	527	528	529	530	531	532	533
37	4	4	534	535	536	537	538	539	540	541	542	543	544
38	4	4	545	546	547	548	549	550	551	552	553	554	555	556	557	558	559
39	4	4	560	561	562	563	564	565	566	567	568	569
40	4	4	570	571	572	573	574	575	576	577	578	579	580	581
41	4	4	582	583	584	585	586	587	588	589	590	591	592	593	594
42	5	5	595	596	597	598
43	5	5	599	600	601	602	603	604
44	5	5	605	606	607	608
45	5	5	609	610	611	612
46	5	5	613	614	615	616	617
47	5	5	618	454	466	465	619	620	621
48	5	5	622	623	624	625	626
49	5	5	627	628	629	630	631
50	5	5	632	633	634	635	636
51	5	5	637	638	639	640	641	642
52	5	5	643	644	645	646	647
53	5	5	648	649	650	651	652	653
54	5	5	654	655	656	651	650	657
55	5	5	658	659	660	661
56	5	5	662	663	664	665	666	667	668	669
57	5	5	670	671	672	673
58	5	5	674	675	676	677	678	679	680	681	682
59	5	5	683	684	685	686	687	688	689
60	5	5	690	691	692	693	694	695	696
61	5	5	697	698	699	700	701	702
62	5	5	703	704	705	706	707
63	5	5	708	709	710	711
64	5	5	712	713	714	715	716
65	5	5	717	718	719
66	5	5	720	721	722	723	724	725
67	5	5	726	727	728	729	730	731	732
68	5	5	259	258	733	734	735	736
69	5	5	737	738	739	740	741	742	743
70	5	5	744	745	746	213	212
71	5	5	747	748	749	750	751	732	731	752
72	5	5	753	754	755	756	757	758
73	5	5	759	760	761	762
74	5	5	468	467	477	476	475	474	763	764	765	766	726	732	751
75	5	5	767	768	769	770	771	772
76	5	5	773	774	775	776	777	778	779	248	247	246
77	5	5	780	781	782	783	784	785
78	5	5	786	787	788	789	790	791
79	5	5	792	793	794	795	796	797
80	5	5	297	296	798	799
81	5	5	800	801	802	803	804	805
82	5	5	806	807	808	809	810	811
83	5	5	258	257	256	812	813	814	815	733
84	5	5	816	817	818	819	820
85	5	5	225	224	223	821	822	823
86	5	5	824	770	769	825	826	827	828
87	5	5	722	829	830	831	723
88	5	5	832	833	834	835	836	837
89	5	5	838	839	840	841	842	843
90	5	5	844	845	846	847	848
91	5	5	849	850	851	852	853
92	5	5	854	855	856	857	858
93	5	5	859	860	861	862	863	864
94	5	5	865	866	867	868	869
95	5	5	870	871	669	668	872	873	874
96	5	5	875	868	867	876	877	878
97	5	5	879	880	881	882	883	884	885	886
98	5	5	887	888	889	890	891	892
99	5	5	893	894	895	896	897	898
100	5	5	899	900	901	902	903
101	5	5	124	123	122	121	120	904	905	730	729
102	5	5	906	907	908
103	5	5	909	910	911	912	913
104	5	5	914	915	916	917	918
105	5	5	919	920	921	922	923	924
106	5	5	648	925	926	927	928	649
107	5	5	736	735	929	930	931	932	933	934	935
108	5	5	539	538	936	937	938	939
109	5	5	922	940	941	923
110	5	5	942	943	944	945
111	5	5	138	137	946	947	948
112	5	5	838	843	949	632	636	950	951	952
113	5	5	479	478	490	489	953	954	955	956
114	5	5	278	277	957	958
115	5	5	959	960	961	962
116	5	5	963	964	965	966	967	968	969
117	5	5	970	971	972	973	6	5
118	5	5	974	975	976	977	978	979
119	5	5	980	981	982	983	955	954
120	5	5	984	985	986	987
121	5	5	643	971	970	988	989	644
122	5	5	990	991	992	993	994
123	5	5	995	996	997	998	999	1000
124	5	5	568	567	566	1001	1002	1003	1004
125	5	5	1005	1006	1007	1008
126	5	5	1009	1010	1011	1012	1013	1014	1015	1016
127	5	5	1017	1018	1019	1020	1021	1022	1023	1024
128	5	5	1025	1026	1027	1028	1029	1030
129	5	5	1031	1032	1033	774	773
130	5	5	1034	1035	1036	1037
131	5	5	1038	1039	1040	238	237	236	1041	1042	1043
132	5	5	613	1044	937	936	614
133	5	5	1045	1046	1047	1048
134	5	5	1049	1050	1051	1052
135	5	5	1053	1054	1055	1056	1057	1058
136	5	5	1059	1060	1061	1062	1063	1064
137	5	5	1065	1066	1067	1068	1069	1070	1071
138	5	5	1072	1073	1074	1075
139	5	5	1076	1077	1078	1079	1080	1081	1082	1083
140	5	5	1084	1085	1086	1087	1088
141	5	5	1089	1090	1091	1092	1093	1094
142	5	5	1095	1096	1097	1098
143	5	5	1099	1100	1101	1102
144	5	5	1103	1104	1105	1106	1107
145	5	5	654	657	1108	1109	1110	1111
146	5	5	964	1112	1113	965
147	5	5	1114	1115	1116	1117	1118	1119
148	5	5	1120	1121	1122	1123	1124
149	5	5	1125	1126	1127	1128	1129	1130	1131	1132
150	5	5	1133	1134	1135	1136	1137
151	5	5	1138	1139	1140	1141	1142	1143	1144
152	5	5	1145	1146	1147	1148	1149
153	5	5	1150	1151	1109	1108	928	927	1152	1153
154	5	5	1154	1155	1156	1157
155	5	5	1158	1159	1160	1161	1162	1163	1164
156	5	5	1165	1166	1167	1168	1169	1170	1171
157	5	5	1172	1173	1174	1175	1176	1177
158	5	5	1178	1179	1180	1181
159	5	5	815	814	1182	1183	1184	1185
160	5	5	1186	1187	1105	1104	1188
161	5	5	1189	783	782	20	19	1190
162	5	5	1191	1192	1193	1194	1195
163	5	5	1196	1197	1198	1199	1200	1201
164	5	5	1202	1157	1156	1203	380	379	378	377	1204	1205
165	5	5	177	176	175	174	1206	1207	88	87	86	1208
166	5	5	13	12	1209	1210	1211
167	5	5	1212	1213	1214	1215	1216	1217
168	5	5	1218	1219	1220	1221
169	5	5	1222	1223	147	146	1224
170	5	5	727	1225	1226	1227	728
171	5	5	1228	1107	1106	1229	1230	1231	1232
172	5	5	616	615	1233	1234
173	5	5	1235	1236	1237	1238	1239
174	5	5	1240	1241	1242	1243
175	5	5	1244	1245	1246	1247	1248	1249	1250
176	5	5	346	345	1251	1252	1253	1254	1255
177	5	5	437	436	435	1256	1257	1258	1259	1260	1261
178	5	5	1262	681	680	1263	1264	1265
179	5	5	1266	1267	1268	1269	1270	896	895
180	5	5	1271	1272	1273	1274	1275	1276
181	5	5	1277	1278	1279	1280	1281	1282
182	5	5	1271	1276	1283	1284	1285
183	5	5	1286	1287	1288	1289	1290
184	5	5	1291	1292	1293	1294
185	5	5	187	186	1295	1296	1297	1298	1299
186	5	5	1300	1301	1302	1303	1304
187	5	5	1305	1306	1307	1308	1309
188	5	5	1310	1311	1312	1313	1314	1315
189	5	5	1316	1317	1284	1283	1318
190	5	5	1319	1320	1321	1322	1323
191	5	5	105	104	103	1324	1325	1326
192	5	5	1327	1328	1329	1330	1331
193	5	5	914	1332	1333	1334	915
194	5	5	1247	1335	1336	1337	1248
195	5	5	1338	1339	1340	1341
196	5	5	1342	1343	1344	1345	1346
197	5	5	1196	1347	1348	778	777	1197
198	5	5	1349	1350	1351	1352	1353
199	5	5	1354	1355	1356	1357	1358
200	5	5	1359	1360	1361	1362	1363	1364	1365	1366
201	5	5	1127	1367	1368	1369	1322	1321	1128
202	5	5	68	67	1370	1371	1372
203	5	5	1373	1374	1375	1376	1377
204	5	5	785	784	1378	1379	1380
205	5	5	1381	1382	1383	1384	1385	1386
206	5	5	1387	1388	1389	1390	1391	1392
207	5	5	1393	1394	1395	1396	1397	1398	1399
208	5	5	1349	1353	1400	189	188	187	1299
209	5	5	1401	1402	1403	1081	1080
210	5	5	1404	1405	150	149	148	147	1223	1406	1407
211	5	5	1408	1409	1410	1411
212	5	5	1412	1413	1414	1415	1099	1102
213	5	5	128	127	952	951
214	5	5	1416	1417	1418	1419	1420
215	5	5	972	1421	1226	1225	1422	973
216	5	5	1423	1424	1425	1426	1427	1428
217	5	5	311	310	309	1429	1430	1431
218	5	5	1432	1433	1434	1435	1436	1437	1438	1439
219	5	5	1440	1441	1442	1443	1444	1445	1446
220	5	5	821	1447	1448	624	623	822
221	5	5	1449	1450	1451	1452	1453	1112	964	963
222	5	5	1454	1455	1456	1457	1458	1459	1460
223	5	5	1461	1462	1463	1464	1465	1466	1467
224	5	5	1468	1469	1470	1471
225	5	5	1472	1473	1474	1475
226	5	5	1476	1477	1478	1479	1480	1481
227	5	5	1482	1483	1484	321	320	1485	507	506	505
228	5	5	1486	1487	1488	1489	1490	1491
229	5	5	1492	1493	1494	1495	1496
230	5	5	864	863	1497	1498	1499	1500	1501
231	5	5	1502	1503	1504	620	619	1505
232	5	5	1506	1507	1508	1509	1510	1245	1244
233	5	5	502	501	500	499	1511	1094	1093	1512	1513
234	5	5	1514	1515	1516	656	655
235	5	5	1187	1517	1518	1519	1229	1106	1105
236	5	5	572	571	570	1520	1521	1522
237	5	5	1523	1524	1525	1526	1527	1528	1529
238	5	5	1530	1531	1532	1533	1534	1535	1536
239	5	5	1537	1538	1539	1540	1541
240	5	5	1542	1543	1544	1545	1546	1547
241	5	5	1496	1495	1548	1356	1355	1549	1550
242	5	5	1551	1552	1553	1554
243	5	5	1555	1556	1557	1558	1559	1560	1561	1562
244	5	5	1563	1564	1565	1566	1567	1568
245	5	5	1569	1404	1407	1570	1571	1572	1573
246	5	5	1574	1575	1576	1577	1578	1579	1580	1581
247	5	5	1582	1583	1173	1172	1584	906	908	1585
248	5	5	1352	1351	1183	1182	1586
249	5	5	1587	609	612	1588	1589	1134	1133
250	5	5	521	520	519	1590	1591	1592	1593	1594
251	5	5	1595	1596	1597	1598
252	5	5	1599	1600	809	808	1601
253	5	5	212	211	210	209	1602	1603	1604	1605	744
254	5	5	30	29	28	1606	1607	1608	1609
255	5	5	1610	1611	1612	1613	1614	1615	1616	1478	1477
256	5	5	1576	1575	1617	1618	1619	1620
257	5	5	1180	1179	1621	1622	1623	1624
258	5	5	1625	1536	1535	1626	1627
259	5	5	1628	1629	1616	1615	1630	1631	1632
260	5	5	1633	1634	1635	1636	1637
261	5	5	720	1638	1277	1282	1639	721
262	5	5	1640	1583	1582	1641	1642	1643	1644	1645
263	5	5	71	70	1646	1647	1648
264	5	5	1649	1650	1651	1652	1653
265	5	5	302	301	300	1654	1512	1093	1092
266	5	5	1655	1656	1657	1658	1659
267	5	5	1660	1661	1662	1663	1664	1665	1666
268	5	5	815	1185	1667	1668	734	733
269	5	5	1669	1670	1671	1672	1120	1124	1673
270	5	5	1674	1675	1455	1454
271	5	5	1281	1280	1676	1677	1678	1679
272	5	5	854	858	1680	1681	1682
273	5	5	1683	1684	1685	1686	1687
274	5	5	828	827	1688
275	5	5	978	1689	1690	1691	1692	979
276	5	5	1693	1694	1657	1656	1695	1696	1697
277	5	5	1698	1305	1309	1699	1008	1007
278	5	5	1700	1701	1702	1703	1704	794	793
279	5	5	979	1692	1705	1706	1707	974
280	5	5	1708	1709	1710	1711	1712	1713
281	5	5	1350	1714	1715	1716	1717	1718	1184	1183	1351
282	5	5	17	16	15	14	1719	1720	1721	1722	1723	1724
283	5	5	759	762	1725	1726	1727
284	5	5	1728	1729	1730
285	5	5	1731	1732	1733	1734	1735
286	5	5	1736	94	93	689	688
287	5	5	1737	1738	1739	1740	1741	1742
288	5	5	1743	1744	1745	1746	1747
289	5	5	1497	1748	1749	1750	1751	1498
290	5	5	962	961	1752	1753	1754	1441	1440	1755	1756	1757
291	5	5	1758	1759	776	775	1760
292	5	5	1761	1762	1763	1764
293	5	5	1765	1766	1767	1768	1769	1770
294	5	5	817	1771	1772	1260	1259	1773	193	192	191	818
295	5	5	1774	1775	1776	1452	1451
296	5	5	1777	1304	1303	1778	1135	1134	1589	1779
297	5	5	1780	1781	1782	1783	1784	1785
298	5	5	703	707	1786	1787	1788	1789
299	5	5	1089	1094	1511	1790	1791	1559	1558	1792
300	5	5	1793	1794	1795	1796	1797	1798
301	5	5	1799	8	7	6	973	1422
302	5	5	1800	1801	1802
303	5	5	1803	1599	1601	1804
304	5	5	1805	1806	1807	1808	1809	1810
305	5	5	1811	1812	1813	1814	1815
306	5	5	1816	1817	1818	1819	1820
307	5	5	1821	897	896	1270	1822
308	5	5	1792	1558	1557	1823
309	5	5	1824	1825	1826	1827
310	5	5	1828	1829	1830	1831	1832
311	5	5	1833	1834	1835	1836	1837
312	5	5	28	27	26	1838	1606
313	5	5	1360	1839	1840	1841	1361
314	5	5	1544	1543	1842	1843	1844
315	5	5	801	686	685	1661	1660	802
316	5	5	892	891	1845	1846
317	5	5	1847	1731	1735	1848	1849
318	5	5	834	1850	1851	389	388	387	1852	1853	835
319	5	5	1854	1235	1239	603	602	1855	1856	1857
320	5	5	1858	1859	1860	1861	1862	1863
321	5	5	1864	1865	1866	1853	1852	1867
322	5	5	1868	1869	1870	1330	1329	1871
323	5	5	91	90	1872	1873
324	5	5	1874	1875	1876	1877	1878
325	5	5	1131	1130	1879	1880
326	5	5	1322	1369	1881	1323
327	5	5	1882	1883	1508	1507	1884	83	82
328	5	5	1885	1785	1784	1886
329	5	5	1887	1888	1889	1890	1891	1892	1893
330	5	5	1894	1895	1011	1010	1896
331	5	5	576	575	639	638	1897
332	5	5	1898	1899	1048	1047	1900	1901	1902
333	5	5	580	579	578	1903	1904	1169	1168
334	5	5	113	112	1905	1906	1907	1729	1728	1908
335	5	5	1909	913	912	1910	1911	1766	1765
336	5	5	1912	1913	1914	1915	1916	1917	1918
337	5	5	1919	1413	1412	1920	1921	1922	1923
338	5	5	1924	1925	1312	1311	1926
339	5	5	859	864	1501	1927
340	5	5	1928	1307	1306	1929	1930	1931
341	5	5	1052	1051	1932	1933	1934	1935
342	5	5	1936	1937	1938	1939	1940	1941
343	5	5	1942	1943	1944	1945	1386	1385	1946
344	5	5	1743	1947	1948	1949	1950	1744
345	5	5	1951	1846	1845	1952	1953	1954	1955	1956
346	5	5	1957	1006	1005	1958	1959	1960	1961
347	5	5	1962	1963	1964	1965	1596	1595	1966	1967
348	5	5	1968	1969	1970	598	597
349	5	5	1552	1971	1972	1973	1974	1975	1553
350	5	5	484	483	1976	25	24	1977
351	5	5	1978	46	45
352	5	5	1622	1979	1980	1623
353	5	5	1981	1982	1983	1984	1985
354	5	5	1909	1765	1770	1986	1987	1988	1989	1990
355	5	5	566	565	564	1991	1992	1993	1001
356	5	5	1958	1005	1008	1699	1888	1887
357	5	5	1994	1995	1996	1997
358	5	5	1998	1999	2000	2001	2002	2003	2004	2005	2006
359	5	5	2007	2008	2009	2010	2011	2012	1028	1027
360	5	5	2013	1880	1879	2014	1556	1555	2015	2016
361	5	5	1542	1547	2017	2018	2019
362	5	5	627	631	2020	2021	941	940
363	5	5	2022	2023	2024	2025	2026	2027	2028
364	5	5	166	165	2029	2030
365	5	5	1032	2031	2032	2033	2034	1033
366	5	5	2035	2036	2037	2038	2039	2040	2041
367	5	5	2042	2043	2044	2045	761	760	2046
368	5	5	2047	2048	2049
369	5	5	2050	832	837	61	60
370	5	5	1574	1581	2051	2052
371	5	5	2053	2054	2055	2056	2057
372	5	5	766	765	2058	9	8	1799
373	5	5	342	352	351	2059	2060	2061	2062	2063
374	5	5	1084	1088	1640	1645	2064	2065	2066
375	5	5	1683	1687	2067	2068	2069
376	5	5	2070	2071	2072	842	841	2073
377	5	5	781	2074	2075	0	21	20	782
378	5	5	1858	2076	2077	2078	1904	1903	1897	638	637	1859
379	5	5	441	440	453	452	451	2079	2080	787	786	2081
380	5	5	1016	1015	2082	2083	2084	2085
381	5	5	1639	1282	1281	1679	2086	2087
382	5	5	2088	2089	2090	2091	2092	2093
383	5	5	1901	1900	2094	2095	2096	1954	1953	2097	2098
384	5	5	2099	2100	2000	1999	2101
385	5	5	2102	1778	1303	1302	2103	2104
386	5	5	2105	2106	1924	1926	2107	2108
387	5	5	991	2109	2110	2111	992
388	5	5	2112	2113	1192	1191	2114	2115
389	5	5	40	39	38	1612	1611	1739	1738
390	5	5	2116	2117	1424	1423	2118
391	5	5	2119	2120	2121	813	812
392	5	5	2122	2123	2124	2125	2126	2127
393	5	5	132	131	130	2128	2129	2009	2008
394	5	5	2130	1365	1364	1549	1355	1354
395	5	5	1145	1258	1257	1146
396	5	5	2131	816	820	1264	1263	1194	1193
397	5	5	1374	1771	817	816	2131	1375
398	5	5	806	811	2132	2133	2134
399	5	5	2135	2136	2137	1634	1633	2138
400	5	5	2139	1712	1711	2140	2141	2142
401	5	5	260	259	736	935	2143
402	5	5	2144	2145	2146	1531	1530
403	5	5	2147	2148	2149	2150	2151
404	5	5	2152	2153	2154	611	610	2155
405	5	5	749	2156	2157	750
406	5	5	1942	1946	1236	1235	1854	2021	2020	2158
407	5	5	525	524	2159	2160
408	5	5	1117	1003	1002	362	361	360	1118
409	5	5	2161	1472	1475	1186	1188	2162
410	5	5	422	421	420	419	1159	1158	2163	2164
411	5	5	2165	216	215	214	2166	2167	2168
412	5	5	370	369	2169	2170	2171	1545	1544	1844
413	5	5	1912	1918	1996	1995	2172	755	754	2173
414	5	5	2174	2175	2176	2177	2178
415	5	5	337	336	335	153	152	151
416	5	5	2179	2180	2181	1211	1210	2182
417	5	5	982	981	2170	2169
418	5	5	1332	1819	1818	1391	1390	2183	1333
419	5	5	510	526	525	2160	2184	2185	2186	2187	2188	2189	2190	2191
420	5	5	2192	2193	1979	1622	1621	2194	2195
421	5	5	288	287	286	2196	2197	2198	2199
422	5	5	2200	1896	1010	1009	2201
423	5	5	430	429	428	427	439	438	2202	2203	2204	2205	2206	2207
424	5	5	2208	2209	2210	2211	2212	2213	2214	2215
425	5	5	2216	2217	2218	2219	2220	2221
426	5	5	2222	2223	1834	1833	2224	1963	1962
427	5	5	2130	2225	2226	2227	1366	1365
428	5	5	959	2228	2040	2039	2229	328	327	960
429	5	5	2230	2101	1999	1998
430	5	5	2231	1358	1357	2137	2136	2232
431	5	5	772	771	2233	2234	2235
432	5	5	2236	2237	2238	2239
433	5	5	2240	2241	2242	2243
434	5	5	917	916	1325	1324	1214	1213	2244
435	5	5	2245	1111	1110	710	709
436	5	5	2246	1292	1291	2247	1522	1521
437	5	5	1411	1410	2248	2249	2250	2251	2252
438	5	5	2253	2254	2255	2256	2257	2258	2259
439	5	5	2260	1217	1216	2261	2176	2175	2262	2263	2264
440	5	5	2265	2266	2267	2268	2269	2270	2271
441	5	5	345	344	343	2063	2062	2272	331	330	329	2273	1251
442	5	5	1732	2274	2263	2262	1733
443	5	5	1096	2275	790	789	1097
444	5	5	2130	1354	1358	2231	2276	2225
445	5	5	575	574	573	572	1522	2247	640	639
446	5	5	702	701	2277	1561	1560	2278	1220	1219
447	5	5	643	647	2071	2070	1421	972	971
448	5	5	1889	2279	2280	2281	2282	2283	1890
449	5	5	2284	799	798	2285	2286	2287	2288
450	5	5	2289	2290	2291	2292	2293	2294
451	5	5	2295	2296	2197	2196	2297	2298
452	5	5	2299	1274	1273	2300	2301
453	5	5	2076	2302	2303	2304	2305	2306	2307	2077
454	5	5	2308	2309	2310	2311
455	5	5	1675	2312	2313	2314	2315	1456	1455
456	5	5	2316	2317	662	669	871
457	5	5	720	725	2318	2319	2320	1638
458	5	5	1564	1537	1541	2321	1565
459	5	5	2322	2261	1216	1215	2323	2324	1794	1793
460	5	5	227	226	225	823	2325
461	5	5	1164	1163	2326	2327	2328	2329
462	5	5	1112	1453	2330	942	945	1113
463	5	5	1185	1184	1718	1667
464	5	5	2331	2332	2333	2334	2335
465	5	5	2336	2242	2241	2337	2338
466	5	5	38	37	2339	1613	1612
467	5	5	2340	2341	1570	1407	1406
468	5	5	2342	2343	2344
469	5	5	2345	2346	2347	2348	2349	2350	2351
470	5	5	2352	2353	2354	2355	2356	2357	2358
471	5	5	1051	1050	2359	2360	2361	2362	1932
472	5	5	1405	2363	339	338	337	151	150
473	5	5	99	98	97	2364	2365
474	5	5	1571	1570	2341	2366	2367
475	5	5	1922	1921	2368	2369	2370
476	5	5	2371	2372	2244	1213	1212
477	5	5	2116	2373	2117
478	5	5	826	825	1528	1527	2374
479	5	5	1518	2375	2376	2377	1519
480	5	5	2378	2379	1681	1680	2205	2204
481	5	5	173	172	2380
482	5	5	2381	2382	2383	2384	2385	2386	2287	2286	2387
483	5	5	2388	2389	2390	2391	2392
484	5	5	562	561	560	569	568	1004	1116	1115	2393	2394	2328	2327
485	5	5	856	2395	2207	2206	857
486	5	5	1202	1114	1119	1154	1157
487	5	5	2396	2397	1509	1508	1883
488	5	5	1548	1635	1634	2137	1357	1356
489	5	5	1156	1155	2398	2399	1203
490	5	5	2400	2401	2402	2403	2404	1717	1716
491	5	5	2405	2155	610	609	1587	2406
492	5	5	2070	2073	1227	1226	1421
493	5	5	756	2407	2408	2409	2410	757
494	5	5	2411	2412	2413	2414	1461	1467	2415
495	5	5	1443	1442	1572	1571	2367	2416
496	5	5	450	449	2417	2418	2419
497	5	5	1034	2420	2421	1690	1689	719	718	1035
498	5	5	2422	2423	2424	944	943	2425
499	5	5	93	92	91	1873	683	689
500	5	5	293	292	291	2426	2427	2428	81	80	79	78
501	5	5	2429	2430	2431	2432
502	5	5	1829	2433	2434	2435	1830
503	5	5	1078	2436	2437	1396	1395	2438	1079
504	5	5	2439	2440	2441	2442	1736	688	687
505	5	5	372	371	370	1844	1843	2379	2378	2443	2444	2445
506	5	5	1294	641	640	2247	1291
507	5	5	2446	2447	2448	2449	2450
508	5	5	2451	1450	1449	2452	2453
509	5	5	322	321	1484	2454
510	5	5	2455	1122	1121	2456	2457	2458
511	5	5	1653	1652	1757	1756	1709	1708
512	5	5	221	220	2174	2178	2459	1448	1447
513	5	5	2460	1805	1810	1063	1062	2461	2462
514	5	5	182	181	1266	895	894
515	5	5	1828	2463	2464	2433	1829
516	5	5	155	169	168	2465	2466	1968	597	596
517	5	5	2445	2444	2467	2468	2469	2470
518	5	5	2471	2472	2473	2474	2475
519	5	5	2476	2477	2126	2125	2478
520	5	5	2404	2403	2479	2480	2481	2482	2483
521	5	5	2484	2485	2486	2487	2488	2489
522	5	5	2490	1893	1892	2491	2492	2493
523	5	5	2494	2495	2496	2497
524	5	5	1486	1491	2357	2356	2049	2048
525	5	5	205	204	203	202	2498	2499	2038	2037
526	5	5	2500	2501	2502	1425	1424	2117	2373	2503
527	5	5	2504	2505	2506	2507	457	456	455	454	618
528	5	5	2508	909	913	1909	1990	2054	2053	2509	2510
529	5	5	2511	2512	582	594	593	592	2513	2514
530	5	5	2223	1624	1623	1980	2515	1835	1834
531	5	5	2516	2517	2518	1628	1632
532	5	5	2519	2520	2521	2045	2044	2522	2523	2524	2525
533	5	5	2526	2527	2528	2529	2530
534	5	5	2307	2003	2002	2078	2077
535	5	5	923	941	2021	1854	1857	924
536	5	5	828	1688	1970	1969	824
537	5	5	543	542	541	2531	2532	2533
538	5	5	2534	2535	2481	2480	2536
539	5	5	2537	2538	2539	849	853
540	5	5	172	171	2540	2541	2380
541	5	5	2542	2470	2469	2543	2544
542	5	5	1495	1494	2545	2546	1636	1635	1548
543	5	5	1933	1932	2362	2547	2548	2549
544	5	5	2249	2248	2550	2023	2022	2551
545	5	5	2552	2553	1339	1338	2554	2555
546	5	5	1753	2556	2557	1569	1573	1754
547	5	5	2558	2559	2560	2561	1499	1498	1751	2562
548	5	5	2563	2564	2565	2566	532	531	530	2567	2568	677	676
549	5	5	1470	2569	2440	2439	1471
550	5	5	1956	1955	2570	2571	2572	2573	2574
551	5	5	2304	2575	1228	1232	2576	2305
552	5	5	2577	1591	1590	2578	2579	2580
553	5	5	1335	2284	2288	1336
554	5	5	146	145	144	2581	2582	2583	1224
555	5	5	2014	2584	2585	1823	1557	1556
556	5	5	1394	2450	2449	2586	2438	1395
557	5	5	2587	2325	823	822	623	622	2588
558	5	5	2589	1935	1934	2590	2591	2592
559	5	5	2593	2371	1212	1217	2260
560	5	5	2594	1337	1336	2288	2287	2386	1460	1459	2268	2267
561	5	5	2595	2596	1580	1579	1696	1695
562	5	5	2017	1547	1546	953	489	488
563	5	5	2597	2598	2599	2600
564	5	5	2601	2292	2291	2487	2486	2602	1101	1100
565	5	5	2483	2482	929	735	734	1668
566	5	5	2603	2604	1864	1867	2605	796	795
567	5	5	1942	2158	2606	2607	1943
568	5	5	1865	2608	2609	2610	2611	1866
569	5	5	2612	2613	2614	2615	607	606
570	5	5	414	426	425	424	747	752	691	690
571	5	5	2616	2617	2618	2619
572	5	5	1272	2620	2621	2300	1273
573	5	5	134	133	132	2008	2007
574	5	5	1719	2250	2249	2551	1720
575	5	5	1868	43	42	41	2622	1869
576	5	5	2623	1947	1743	1747	2624
577	5	5	1710	1709	1756	1755	2625
578	5	5	2375	2626	2627	2628	2376
579	5	5	2089	2629	2090
580	5	5	1417	2630	2631	2632	1320	1319	2633	1418
581	5	5	2634	2635	2636	2637
582	5	5	2638	2639	779	778	1348	2640	2641
583	5	5	995	2642	1017	1024	2643	996
584	5	5	2644	2645	2646	2647	2648
585	5	5	2216	1476	1481	1077	1076	2217
586	5	5	2649	2650	2651	2652
587	5	5	2653	1619	1618	2654
588	5	5	2655	1985	1984	2656	1525	1524
589	5	5	2332	2657	403	402	413	412	2658	2659	2333
590	5	5	2460	2660	2661	1806	1805
591	5	5	109	108	2662	2109	991	990
592	5	5	1710	2625	1446	1445	2140	1711
593	5	5	1145	1149	2663	1773	1259	1258
594	5	5	2319	2664	2665	2666	2667	2320
595	5	5	2668	583	582	2512
596	5	5	1022	2669	2670	1023
597	5	5	2671	2672	1600	1599	1803	2673
598	5	5	2674	2548	2547	2675	2676	2677	2678
599	5	5	657	650	649	928	1108
600	5	5	1515	2679	2680	2681	2682	1516
601	5	5	558	557	2683	1950	1949	2684
602	5	5	2685	2686	2687	2688	1567	1566	2689	2690
603	5	5	159	158	157	1526	1525	2656	2691
604	5	5	633	2692	646	645	2151	2150	2693	2694	634
605	5	5	2695	2696	2697	1402	1401
606	5	5	2698	2046	760	759	1727	2699
607	5	5	275	274	273	2700	2701	2702	2703	317	316	315
608	5	5	2704	2432	2431	2705	1463	1462
609	5	5	1488	2706	2707	2708	2709	1489
610	5	5	2710	234	250	249	248	779	2639
611	5	5	1770	1769	1200	1199	2711	1986
612	5	5	202	201	713	712	2712	2713	2498
613	5	5	2714	2715	1042	1041	2716
614	5	5	2717	1045	1048	1899	2694	2693	497	496	495	494	493
615	5	5	2697	2718	2719	1403	1402
616	5	5	2720	2246	1521	1520	2721
617	5	5	2722	2723	2724	2725	2726	2727	2728
618	5	5	2510	2509	2729	2730
619	5	5	267	266	279	278	958	2731	2732	2733
620	5	5	1506	2734	1884	1507
621	5	5	2403	2402	2441	2440	2569	2479
622	5	5	2735	2736	2737	2738	2739	1363	1362	2740
623	5	5	2741	1923	1922	2370	1231	1230
624	5	5	2742	1345	1344	2237	2236
625	5	5	1166	2743	2744	2720	2721	1167
626	5	5	449	448	2417
627	5	5	2525	2524	2745	2746	2747	2748
628	5	5	2624	1747	1746	2749	2750	2751
629	5	5	2635	2752	2753	2607	2606	2754	2636
630	5	5	910	2755	2756	911
631	5	5	2395	2757	431	430	2207
632	5	5	2758	2759	2278	1560	1559	1791
633	5	5	1994	2760	2761	2762	2763	2764	2765	2172	1995
634	5	5	1313	2766	357	356	355	2767	1314
635	5	5	2661	1436	1435	2768	2727	2726	1807	1806
636	5	5	2769	326	341	340	2770
637	5	5	1818	1817	2493	2492	2771	1392	1391
638	5	5	2139	2142	2772	2773	1060	1059
639	5	5	2774	2295	2298	2775	2776
640	5	5	2777	1221	1220	2278	2759	2778	2779
641	5	5	2354	2780	2781	2782	2355
642	5	5	1875	2783	33	32	31	30	1609	2784	1876
643	5	5	2379	1843	1842	2785	1682	1681
644	5	5	2786	1143	1142	2399	2398
645	5	5	2787	2788	1513	1512	1654	1510	1509	2397
646	5	5	684	2789	1662	1661	685
647	5	5	2790	2791	2792	695	694	2793
648	5	5	291	290	2794	2795	2426
649	5	5	64	63	62	61	837	836	2611	2610	2796
650	5	5	884	883	2222	1962	1967	2797
651	5	5	115	114	113	1908	2798	2083	2082	2799	2618	2617
652	5	5	2800	2391	2390	2293	2292	2601
653	5	5	2801	2336	2338	2282	2281	2506	2505
654	5	5	2802	2803	2099	2101	2230	2804
655	5	5	2805	2576	1232	1231	2370	2369	2806
656	5	5	2807	2592	2591	625	624	1448	2459
657	5	5	1163	1162	2808	2326
658	5	5	2809	2711	1199	1198	1759	1758
659	5	5	1605	2810	2811	2299	2301	745	744
660	5	5	918	917	2244	2372	2812	2813
661	5	5	2814	2800	2601	1100	1099	1415	2815
662	5	5	2107	1926	1311	1310	2763	2762
663	5	5	1911	2798	1908	1728	1730	1767	1766
664	5	5	2023	2550	2816	1631	1630	2024
665	5	5	1373	2817	2818	1772	1771	1374
666	5	5	305	304	303	302	1092	1091	2819
667	5	5	2087	2086	2820	2673	1803	1804	2821
668	5	5	2310	2822	2823	2235	2234	2311
669	5	5	2824	2825	2826	481	480	479	956	2827
670	5	5	1595	1598	2828	1966
671	5	5	2337	2829	2283	2282	2338
672	5	5	194	193	1773	2663	2830
673	5	5	1754	1573	1572	1442	1441
674	5	5	2831	2832	2833	2834	2835	2477	2476
675	5	5	2474	1275	1274	2299	2811	2475
676	5	5	2750	2749	2836	2828	1598	1597	2837	2838	666	665
677	5	5	2839	2840	2539	2538	2461	1062	1061
678	5	5	2394	2393	2841	2842	2843	1176	1175
679	5	5	2844	1672	1671	208	207	206
680	5	5	2494	2497	2845	2344	2343	2846	2847
681	5	5	2382	2335	2334	2848	2849	2383
682	5	5	938	2850	2851	2852	2853	939
683	5	5	2854	2855	1703	1702
684	5	5	191	190	189	1400	819	818
685	5	5	789	788	1837	1836	1098	1097
686	5	5	309	308	2856	2631	2630	1429
687	5	5	1637	1636	2546	2857	2321	1541	1540
688	5	5	165	164	2858	2029
689	5	5	2683	2698	2699	2859	1745	1744	1950
690	5	5	2860	2861	2862	2863	1372	1371
691	5	5	2080	2079	2864	2865	1964	1963	2224
692	5	5	230	229	2866	2867	2868
693	5	5	2628	2869	2377	2376
694	5	5	1816	2870	2490	2493	1817
695	5	5	2871	2872	2735	2740	1841	1840	2873	2874
696	5	5	2047	2875	2876	1487	1486	2048
697	5	5	545	559	558	2684	2877
698	5	5	2878	934	933	2879	2880
699	5	5	1409	2816	2550	2248	1410
700	5	5	706	705	2881	2882	2883
701	5	5	1889	1888	1699	1309	1308	2884	2279
702	5	5	1238	2885	604	603	1239
703	5	5	713	201	200	714
704	5	5	1576	1620	2886	2887	2888	1577
705	5	5	2634	2889	2890	2891	2752	2635
706	5	5	280	294	293	78	77	76	2892
707	5	5	2172	2765	2407	756	755
708	5	5	2893	2894	1025	1030	2657	2332	2331
709	5	5	2895	791	790	2275	2896
710	5	5	2602	2486	2485
711	5	5	2897	2462	2461	2538	2537	2898	2899	1438	1437
712	5	5	2900	2901	2902	2903	2904
713	5	5	2497	2496	2905	2906	2907	2908	2909	2845
714	5	5	1420	1419	2910	947	946
715	5	5	794	1704	2603	795
716	5	5	2911	2912	2913	2914	2915	2916	2917	2918
717	5	5	1574	2052	2919	1617	1575
718	5	5	557	556	555	2042	2046	2698	2683
719	5	5	59	58	1957	1961	2920	2921
720	5	5	2659	2658	2922	1952	1845	891	890	2923
721	5	5	1238	1237	1384	1383	2924	2885
722	5	5	2315	621	620	1504	2925	1457	1456
723	5	5	750	2157	470	469	468	751
724	5	5	2296	2926	2731	958	957	2198	2197
725	5	5	2637	2636	2754	630	629	2927	2928	2929
726	5	5	1674	2385	2384	2930	2312	1675
727	5	5	2931	111	110	109	990	994
728	5	5	2932	2933	2934	2935	2936	2937
729	5	5	2938	2593	2260	2264	2939
730	5	5	2940	2941	2942	2943	670	673	2944	2945	2413	2412
731	5	5	2946	805	804	2947	2535	2534
732	5	5	2240	1387	1392	2771	2829	2337	2241
733	5	5	2948	2949	2950	2075	2074
734	5	5	2765	2764	1992	1991	2408	2407
735	5	5	2213	2212	1479	1478	1616	1629
736	5	5	2082	1015	1014	2799
737	5	5	2896	2951	1532	1531	2146	2952	2895
738	5	5	2414	2953	2954	2704	1462	1461
739	5	5	218	233	232	231	1850	834	833	2955	2904	2903
740	5	5	2115	2114	2435	2434	2544	2543	2956
741	5	5	2594	2957	1249	1248	1337
742	5	5	1287	2958	2959	2960	1878	1877	1288
743	5	5	859	1927	2961	860
744	5	5	2962	2963	2964	851	850	2598	2597
745	5	5	2965	800	805	2946
746	5	5	1465	1464	2966	2743	1166	1165
747	5	5	570	581	580	1168	1167	2721	1520
748	5	5	223	222	221	1447	821
749	5	5	2914	767	772	2235	2823	2915
750	5	5	2139	1059	1064	2967	1713	1712
751	5	5	2968	2969	2883	2882	2888	2887	2970
752	5	5	2774	2776	2971	2972	2973	2974
753	5	5	2233	2308	2311	2234
754	5	5	742	741	2975	2180	2179
755	5	5	2976	2273	329	328	2229
756	5	5	1638	2320	2667	1278	1277
757	5	5	2834	2833	2977	967	966	2424	2423
758	5	5	2684	1949	1948	2978	2979	2980	2877
759	5	5	2763	1310	1315	2981	1993	1992	2764
760	5	5	2886	2982	2195	2194	2970	2887
761	5	5	1945	1626	1535	1534	2983	1381	1386
762	5	5	2746	2984	2985	2986	704	703	1789	2747
763	5	5	2712	2987	1253	1252	2713
764	5	5	1469	2536	2480	2479	2569	1470
765	5	5	2988	2954	2953	2989
766	5	5	2930	2384	2383	2849	2936	2935
767	5	5	2990	2991	2173	754	753
768	5	5	2992	2453	2452	969	968	2993
769	5	5	96	95	94	1736	2442	2994	2995
770	5	5	600	2996	2997	601
771	5	5	2923	890	889	2937	2936	2849	2848
772	5	5	2298	2297	2998	2999	3000	3001	2775
773	5	5	3002	3003	3004	3005	3006	3007
774	5	5	3008	886	885	3009	3010
775	5	5	171	170	185	184	196	195	194	2830	3011	3012	2540
776	5	5	2778	2759	2758	3013	3014
777	5	5	3015	1740	1739	1611	1610	2221	2220
778	5	5	5	4	3016	988	970
779	5	5	632	949	3017	2692	633
780	5	5	721	1639	2087	2821	829	722
781	5	5	1120	1672	2844	2036	2035	2456	1121
782	5	5	516	515	514	513	876	867	866
783	5	5	2632	2631	2856	3018	3019	3020
784	5	5	283	282	281	280	2892	262	261	260	2143
785	5	5	2018	2017	488	487
786	5	5	1811	2695	1401	1080	1079	2438	2586	1812
787	5	5	385	384	383	1141	1140	3021	3022
788	5	5	369	368	367	366	3023	3024	3025	3026	3027	983	982	2169
789	5	5	3028	3029	3030	700	699	3031
790	5	5	244	243	242	1434	1433
791	5	5	1542	2019	3032	3033	2785	1842	1543
792	5	5	3034	3035	3036	3037	3038	3039
793	5	5	2890	874	873	2144	1530	1536	1625	2891
794	5	5	76	75	264	263	262	2892
795	5	5	1669	1673	2725	2724	1500	1499	2561	3040
796	5	5	2772	2906	2905	2773
797	5	5	2876	1388	1387	2240	2243	3041	2706	1488	1487
798	5	5	1776	2330	1453	1452
799	5	5	1752	2769	2770	2556	1753
800	5	5	1879	1130	1129	3020	3019	2584	2014
801	5	5	2507	3042	3043	3044	3045	460	459	458	457
802	5	5	1295	893	898	1296
803	5	5	2318	725	724	3046	3047	3048
804	5	5	2389	2943	2942	2294	2293	2390
805	5	5	992	2111	3049	3050	3051	993
806	5	5	2802	2804	3052	2941	2940
807	5	5	2577	1592	1591
808	5	5	2931	994	993	3051	3053	845	844
809	5	5	383	382	381	380	1203	2399	1142	1141
810	5	5	2132	3054	2239	2238	2133
811	5	5	880	3055	1788	1787	881
812	5	5	2055	2054	1990	1989	3056	3057
813	5	5	3058	1882	82	81	2428
814	5	5	2142	2141	2907	2906	2772
815	5	5	1222	3059	3060	3061	3062	2340	1406	1223
816	5	5	2962	3063	998	997	3064	3065	2033	2032	2963
817	5	5	3066	1588	612	611	2154	3067	3068	3069	3070
818	5	5	2034	2033	3065	551	550	3071
819	5	5	2838	2837	1965	1964	2865
820	5	5	3072	2443	2378	2204	2203
821	5	5	1316	1724	1723	3073	1317
822	5	5	3074	1768	1767	1730	1729	1907
823	5	5	2071	647	646	2692	3017	2072
824	5	5	1158	1164	2329	3075	2163
825	5	5	1607	1606	1838	3076	2826	2825	2862	2861
826	5	5	658	661	3077	1150	1153	3078	3079
827	5	5	3080	3081	3082	1664	1663
828	5	5	3009	885	884	2797	3083
829	5	5	3084	3085	635	634	2694	1899	1898
830	5	5	1674	1454	1460	2386	2385
831	5	5	1085	3086	3087	3088	3089	2164	2163	3075	1086
832	5	5	2990	2500	2503	3090	2991
833	5	5	2121	2120	1262	1265	3091
834	5	5	3034	3039	3092	3093	3094
835	5	5	1089	1792	1823	2585	3095	306	305	2819	1090
836	5	5	879	886	3008	3096	3097
837	5	5	2913	2719	2718	1523	1529	768	767	2914
838	5	5	2458	2457	2041	2040	2228	1651	1650
839	5	5	18	17	1724	1316	1318	3098	3099
840	5	5	3	2	3100	3101
841	5	5	3102	3103	3047	3046
842	5	5	765	764	3104	739	738	2058
843	5	5	3105	1031	773	246	245
844	5	5	2062	2061	3106	333	332	2272
845	5	5	3093	3092	2392	2391	2800	2814	3107
846	5	5	2455	1809	1808	1123	1122
847	5	5	1943	2607	2753	3108	1944
848	5	5	3109	3110	3111	3112
849	5	5	2217	1076	1083	3113	2218
850	5	5	2056	2055	3057
851	5	5	2526	2530	3114	3115	3116	1068	1067
852	5	5	1787	1786	2969	2968	1178	1181	882	881
853	5	5	2708	1783	1782	3117	2934	2933	2709
854	5	5	1289	1288	1877	1876	2784
855	5	5	1197	777	776	1759	1198
856	5	5	1246	298	297	799	2284	1335	1247
857	5	5	3118	3119	2097	1953	1952	2922	411	410	409	408	407
858	5	5	3120	3121	1341	1340	3122
859	5	5	2746	2745	3123	2670	2669	2984
860	5	5	1994	1997	3005	3004	2760
861	5	5	1077	1481	1480	1074	1073	2436	1078
862	5	5	673	672	3124	3125	2068	2067	2944
863	5	5	2931	844	848	1905	112	111
864	5	5	2517	3126	2215	2214	2518
865	5	5	2547	2362	2361	3127	2675
866	5	5	3128	628	627	940	922	921	2737	2736
867	5	5	1243	1242	3129	1762	1761	3130	3131
868	5	5	3132	2722	2728	3133	3134
869	5	5	3129	2572	2571	3135	3050	3049	1763	1762
870	5	5	256	255	254	674	682	2119	812
871	5	5	3136	3137	3138	3139	3140
872	5	5	2926	2974	2973	2732	2731
873	5	5	524	523	3141	2185	2184	2159
874	5	5	3142	1697	1696	1579	1578	2881	705	704	2986
875	5	5	3143	2748	2747	1789	1788	3055
876	5	5	465	464	463	462	3144	1056	1055	1505	619
877	5	5	1069	3145	3146	3147	3103	3102	1070
878	5	5	236	235	660	659	2716	1041
879	5	5	1916	1915	3031	699	698	3148
880	5	5	1813	3149	3150	3151	1814
881	5	5	588	587	586	1189	1190	3099	3098
882	5	5	2158	2020	631	630	2754	2606
883	5	5	827	826	2374	595	598	1970	1688
884	5	5	1850	231	230	2868	391	390	1851
885	5	5	3152	1026	1025	2894	3153	1431	1430	3154
886	5	5	2620	3155	3156	3157	3158	2621
887	5	5	405	404	403	2657	1030	1029	3159
888	5	5	2066	2065	3160	3087	3086
889	5	5	2106	2580	2579	3161	1925	1924
890	5	5	2900	2904	2955	3162	3163	3164
891	5	5	3165	3166	3094	3093	3107	2091	2090	2629
892	5	5	2064	1645	1644	3104	764	763
893	5	5	887	892	1846	1951	1938	1937
894	5	5	1240	1940	1939	2574	2573	1241
895	5	5	2471	2810	1605	1604	2514	2513	2472
896	5	5	658	3079	3167	2714	2716	659
897	5	5	2835	3168	2127	2126	2477
898	5	5	3109	3112	3169	3170	1936	1941
899	5	5	3171	950	636	635	3085
900	5	5	2819	1091	1090
901	5	5	3095	2585	2584	3019	3018
902	5	5	1670	1602	209	208	1671
903	5	5	988	3016	3172	3173	989
904	5	5	97	96	2995	1269	1268	2364
905	5	5	3174	3175	2467	2444	2443	3072
906	5	5	3068	3176	3177	2676	2675	3127	3069
907	5	5	295	313	312	3178	2387	2286	2285
908	5	5	1659	1658	3179	2815	1415	1414	3180
909	5	5	1468	1471	2439	687	686	801	800	2965
910	5	5	2016	2015	1562	1561	2277
911	5	5	1087	1086	3075	2329	2328	2394	1175	1174
912	5	5	419	418	417	416	1427	1426	1160	1159
913	5	5	2863	2862	2825	2824
914	5	5	3181	3182	1261	1260	1772	2818	3183
915	5	5	3184	2542	2544	2434	2433	2464	3185
916	5	5	2253	2259	3186	3187	3188	3189
917	5	5	70	85	84	3190	3191	3192	3193	1646
918	5	5	3194	1871	1329	1328	3195
919	5	5	2414	2413	2945	1686	1685	3196	3197	2989	2953
920	5	5	3115	3198	395	394	393	3146	3145	3116
921	5	5	174	173	2380	2541	1206
922	5	5	3133	2728	2727	2768
923	5	5	2342	2344	2845	2909	3199	3166	3165	3200
924	5	5	2520	3097	3096	3201	2521
925	5	5	3202	3203	3204	1973	1972
926	5	5	1764	1763	3049	2111	2110	3205
927	5	5	2622	1737	1742	3206	1870	1869
928	5	5	50	49	48	2532	2531	2853	2852	3120	3122
929	5	5	1020	1019	3207	1693	1697	3142
930	5	5	3208	1721	1720	2551	2022	2028
931	5	5	2153	3209	3177	3176	3067	2154
932	5	5	1987	3210	3211	3212	3213	1988
933	5	5	3214	3215	3216	2324	2323	3217	2616	2619
934	5	5	1373	1377	3218	3219	3220	2817
935	5	5	366	365	364	375	374	373	372	2445	2470	2542	3184	1058	1057	3023
936	5	5	2665	3221	2276	2231	2232	2666
937	5	5	3222	3223	3224	3225
938	5	5	3206	3226	1331	1330	1870
939	5	5	2679	708	711	2640	1348	1347	2680
940	5	5	3227	3228	3229	3230
941	5	5	1644	1643	3231	740	739	3104
942	5	5	3232	1971	1552	1551	3233
943	5	5	3030	2013	2016	2277	701	700
944	5	5	2891	1625	1627	3108	2753	2752
945	5	5	1018	3234	3235	3207	1019
946	5	5	214	213	746	3158	3157	2166
947	5	5	3236	2730	2729	3237	2751	2750	665	664	3238	3239
948	5	5	3240	3215	3214	1013	1012
949	5	5	103	102	3217	2323	1215	1214	1324
950	5	5	3241	3242	3044	3043	2884	1308	1307	1928
951	5	5	3243	3090	2503	2373	2116	2118	2792	2791
952	5	5	2773	2905	2496	2495	2839	1061	1060
953	5	5	1037	1036	3244	3245	1255	1254	3246
954	5	5	578	577	576	1897	1903
955	5	5	3241	1928	1931	3027	3026
956	5	5	240	239	238	1040	3247
957	5	5	2976	2499	2498	2713	1252	1251	2273
958	5	5	2900	3164	3248	3249	2938	2939	2274	1732	1731	1847	2901
959	5	5	1205	1204	1393	1399	2842	2841
960	5	5	1958	1887	1893	2490	2870	3250	3251	1959
961	5	5	1951	1956	2574	1939	1938
962	5	5	2508	3236	3239	2102	2104	2755	910	909
963	5	5	915	1334	3252	1326	1325	916
964	5	5	300	299	298	1246	1245	1510	1654
965	5	5	1408	2516	1632	1631	2816	1409
966	5	5	1533	1532	2951	3253
967	5	5	1069	1068	3116	3145
968	5	5	2303	3254	2575	2304
969	5	5	3008	3010	3255	1726	1725	3201	3096
970	5	5	1369	1368	3224	3223	118	117	139	138	948	1881
971	5	5	2920	1961	1960	3163	3162
972	5	5	980	2171	2170	981
973	5	5	1353	1352	1586	3091	1265	1264	820	819	1400
974	5	5	2632	3020	1129	1128	1321	1320
975	5	5	1408	1411	2252	3126	2517	2516
976	5	5	1021	1020	3142	2986	2985
977	5	5	564	563	562	2327	2326	2808	2409	2408	1991
978	5	5	3084	3256	2129	2128	3171	3085
979	5	5	984	2057	2056	3057	3056	2979	2978	985
980	5	5	3257	999	998	3063	3258	3259
981	5	5	334	333	3106	3260
982	5	5	2504	618	621	2315	2314	3261
983	5	5	2279	2884	3043	3042	2280
984	5	5	141	140	2059	351	350	3262	3263	3264
985	5	5	3110	3265	2358	2357	1491	1490	3111
986	5	5	3266	2911	2918	3267	3015	2220	2219
987	5	5	2778	3014	3268	3269	3270	2779
988	5	5	3271	3272	2988	2989	3197	3273
989	5	5	1046	3274	2094	1900	1047
990	5	5	2835	2834	2423	2422	3168
991	5	5	2243	2242	2336	2801	1780	1785	1885	3041
992	5	5	3268	3275	2703	2702	878	877	3276	3269
993	5	5	3204	3277	2609	2608	1974	1973
994	5	5	3278	3279	1043	1042	2715
995	5	5	1222	1224	2583	3059
996	5	5	1514	2245	709	708	2679	1515
997	5	5	3188	3187	3280	2096	2095
998	5	5	1890	2283	2829	2771	2492	2491	1891
999	5	5	679	1832	1831	1195	1194	1263	680
1000	5	5	745	2301	2300	2621	3158	746
1001	5	5	2369	2368	2489	2488	3281	2806
1002	5	5	2268	1459	1458	3282	2269
1003	5	5	914	918	2813	1820	1819	1332
1004	5	5	538	537	536	3283	1233	615	614	936
1005	5	5	3284	1913	1912	2173	2991	3090	3243
1006	5	5	3285	3113	1083	1082
1007	5	5	2052	2051	2627	2626	3286	2919
1008	5	5	2975	741	740	3231	3287
1009	5	5	1801	1474	1473	1862	1861	1802
1010	5	5	1648	1647	2265	2271	2564	2563	3288
1011	5	5	1918	1917	3006	3005	1997	1996
1012	5	5	3289	2681	2680	1347	1196	1201	3290
1013	5	5	308	307	306	3095	3018	2856
1014	5	5	3291	919	924	1857	1856	3292
1015	5	5	2893	2331	2335	2382	2381
1016	5	5	3084	1898	1902	3256
1017	5	5	1202	1205	2841	2393	1115	1114
1018	5	5	2193	3293	2515	1980	1979
1019	5	5	54	53	52	2827	956	955	983	3027	1931	1930
1020	5	5	1302	1301	3294	3295	2103
1021	5	5	2803	2411	2415	3296	2100	2099
1022	5	5	1917	1916	3148	2186	2185	3141	3007	3006
1023	5	5	3297	3298	3299	1824	1827	3264	3263	3300
1024	5	5	3219	3175	3174	3181	3183	3220
1025	5	5	1566	1565	2321	2857	2689
1026	5	5	157	156	155	596	595	2374	1527	1526
1027	5	5	1361	1841	2740	1362
1028	5	5	2948	2074	781	780
1029	5	5	1398	1397	1177	1176	2843
1030	5	5	2402	2401	3301	2994	2442	2441
1031	5	5	2519	2525	2748	3143
1032	5	5	3302	2416	2367	2366	3125	3124
1033	5	5	36	51	50	3122	1340	1339	2553
1034	5	5	161	160	159	2691	3303	3304
1035	5	5	3305	3306	3307	2568	2567	1503	1502
1036	5	5	1161	3308	2410	2409	2808	1162
1037	5	5	2421	2165	2168	3309	3310	1691	1690
1038	5	5	2814	2815	3179	2092	2091	3107
1039	5	5	2776	2775	3001	3311	3312	2971
1040	5	5	1828	1832	679	678	2463
1041	5	5	2952	2081	786	791	2895
1042	5	5	2001	1170	1169	1904	2078	2002
1043	5	5	1655	2595	1695	1656
1044	5	5	3313	1000	999	3257	3314	3315	3235	3234
1045	5	5	1255	3245	348	347	346
1046	5	5	858	857	2206	2205	1680
1047	5	5	2893	2381	2387	3178	3153	2894
1048	5	5	445	444	443	2145	2144	873	872
1049	5	5	3316	2912	2911	3266
1050	5	5	1035	718	717	3300	3263	3262	3244	1036
1051	5	5	2345	907	906	1584	3317	2346
1052	5	5	2959	3318	903	902	2960
1053	5	5	1514	655	654	1111	2245
1054	5	5	2281	2280	3042	2507	2506
1055	5	5	2625	1755	1440	1446
1056	5	5	3058	2396	1883	1882
1057	5	5	2190	2189	3319	3320
1058	5	5	2929	2928	3321	3322	2316	871	870	3323
1059	5	5	1013	3214	2619	2618	2799	1014
1060	5	5	1449	963	969	2452
1061	5	5	2875	3324	1389	1388	2876
1062	5	5	1483	2795	2794	2454	1484
1063	5	5	3325	2649	2652	3326	3327
1064	5	5	3134	3133	2768	1435	1434	242	241	240	3247
1065	5	5	2404	2483	1668	1667	1718	1717
1066	5	5	3328	3278	2715	2714	3167	3329
1067	5	5	3078	1153	1152	2257	2256
1068	5	5	3272	2429	2432	2704	2954	2988
1069	5	5	984	987	3237	2729	2509	2053	2057
1070	5	5	1815	1814	3151	1981	1985	2655	3330
1071	5	5	312	311	1431	3153	3178
1072	5	5	1691	3310	1705	1692
1073	5	5	3331	3332	3333	865	869
1074	5	5	3303	2691	2656	1984	1983	3334
1075	5	5	2879	933	932	1666	1665	3335	3336
1076	5	5	2976	2229	2039	2038	2499
1077	5	5	2102	3239	3238	1136	1135	1778
1078	5	5	1367	2793	694	693	3225	3224	1368
1079	5	5	67	66	65	2796	2610	2609	3277	1370
1080	5	5	1464	1463	2705	3337	2966
1081	5	5	2143	935	934	2878	3338	284	283
1082	5	5	3339	3340	1444	1443	2416	3302
1083	5	5	2460	2462	2897	2660
1084	5	5	762	761	2045	2521	3201	1725
1085	5	5	1298	1297	3341	3342	1715	1714
1086	5	5	548	547	546	545	2877	2980	3213	3212
1087	5	5	443	442	441	2081	2952	2146	2145
1088	5	5	3343	3344	671	670	2943	2389	2388
1089	5	5	3345	3342	3341	3346
1090	5	5	206	205	2037	2036	2844
1091	5	5	37	36	2553	2552	2027	2026	2339
1092	5	5	675	3347	3348	3288	2563	676
1093	5	5	555	554	553	552	551	3065	3064	2043	2042
1094	5	5	269	268	267	2733	3326	2652	2651
1095	5	5	1149	1148	3011	2830	2663
1096	5	5	2645	2511	2514	1604	1603	2646
1097	5	5	1812	2586	2449	2448	3149	1813
1098	5	5	863	862	1039	1038	1748	1497
1099	5	5	2612	3349	3173	3172	2613
1100	5	5	1254	1253	2987	3350	3246
1101	5	5	996	2643	2522	2044	2043	3064	997
1102	5	5	397	396	395	3198	797	796	2605
1103	5	5	3070	3069	3127	2361	2360	3351	3240	1012	1011	1895
1104	5	5	1399	1398	2843	2842
1105	5	5	3352	3100	2	1	0	2075	2950
1106	5	5	3323	870	874	2890	2889
1107	5	5	1986	2711	2809	3210	1987
1108	5	5	45	44	43	1868	1871	3194	3353	1978
1109	5	5	839	126	125	840
1110	5	5	2661	2660	2897	1437	1436
1111	5	5	2127	3168	2422	2425	2122
1112	5	5	2564	2271	2270	2565
1113	5	5	949	843	842	2072	3017
1114	5	5	1053	3306	3305	1054
1115	5	5	26	25	1976	3076	1838
1116	5	5	737	743	2182	1210	1209	3354
1117	5	5	2949	2558	2562	608	607	2615	3352	2950
1118	5	5	377	376	2446	2450	1394	1393	1204
1119	5	5	2981	1315	1314	2767	354	353
1120	5	5	3355	1137	1136	3238	664	663
1121	5	5	2766	3356	358	357
1122	5	5	1191	1195	1831	1830	2435	2114
1123	5	5	3029	1132	1131	1880	2013	3030
1124	5	5	56	55	1929	1306	1305	1698
1125	5	5	3357	3283	536	535
1126	5	5	3041	1885	1886	2707	2706
1127	5	5	1816	1820	2813	2812	3358	3250	2870
1128	5	5	1684	3359	3196	1685
1129	5	5	1279	2135	2138	1676	1280
1130	5	5	3360	2527	2526	1067	1066
1131	5	5	3014	3013	3361	3275	3268
1132	5	5	2463	678	677	2568	3307	3185	2464
1133	5	5	2537	853	852	2898
1134	5	5	2967	1649	1653	1708	1713
1135	5	5	2191	2190	3320	3276	877	876	513	512
1136	5	5	1053	1058	3184	3185	3307	3306
1137	5	5	2734	3190	84	83	1884
1138	5	5	286	285	284	3338	2998	2297	2196
1139	5	5	2854	899	903	3318	1554	1553	1975	3362	2855
1140	5	5	2415	1467	1466	3363	3296
1141	5	5	3249	3248	3251	3250	3358
1142	5	5	2821	1804	1601	808	807	3364	830	829
1143	5	5	3365	1777	1779	2200	2201
1144	5	5	2456	2035	2041	2457
1145	5	5	1426	1425	2502	3308	1161	1160
1146	5	5	3366	2701	2700	3367	3368
1147	5	5	1116	1004	1003	1117
1148	5	5	2162	1188	1104	1103
1149	5	5	803	931	930	2947	804
1150	5	5	2061	2060	3260	3106
1151	5	5	3154	1430	1429	2630	1417	1416
1152	5	5	1563	3369	3370	1538	1537	1564
1153	5	5	2886	1620	1619	2653	2982
1154	5	5	1936	3170	888	887	1937
1155	5	5	3371	3372	3373	3374
1156	5	5	3375	3290	1201	1200	1769	1768	3074
1157	5	5	3369	2977	2833	2832	3370
1158	5	5	3375	3376	3377	3289	3290
1159	5	5	2025	1614	1613	2339	2026
1160	5	5	602	601	2997	3378	1855
1161	5	5	3365	2201	1009	1016	2085	3379	3294	1301	1300
1162	5	5	860	2961	2723	2722	3132	861
1163	5	5	3253	2983	1534	1533
1164	5	5	1022	1021	2985	2984	2669
1165	5	5	3360	1342	1346	2528	2527
1166	5	5	1567	2688	3380	1568
1167	5	5	3381	2183	1390	1389	3324
1168	5	5	2774	2974	2926	2296	2295
1169	5	5	2012	3382	3159	1029	1028
1170	5	5	327	326	2769	1752	961	960
1171	5	5	3245	3244	3262	350	349	348
1172	5	5	24	23	3033	3032	1977
1173	5	5	1289	2784	1609	1608	3383	1290
1174	5	5	937	1044	3309	2168	2167	2850	938
1175	5	5	1466	1465	1165	1171	3363
1176	5	5	3371	3284	3243	2791	2790	1126	1125	3372
1177	5	5	1236	1946	1385	1384	1237
1178	5	5	220	219	3384	1734	1733	2262	2175	2174
1179	5	5	2962	2597	2600	3258	3063
1180	5	5	2270	2269	3282	3385	2566	2565
1181	5	5	3242	3025	3024	3386	3045	3044
1182	5	5	127	126	839	838	952
1183	5	5	1550	1549	1364	1363	2739
1184	5	5	3241	3026	3025	3242
1185	5	5	2342	3200	3387	2846	2343
1186	5	5	3321	2928	2927	3388	2872	2871	3389
1187	5	5	1271	1285	2554	1338	1341	3121	3155	2620	1272
1188	5	5	1359	1366	2227	3390	2549	2548	2674
1189	5	5	2015	1555	1562
1190	5	5	1978	3353	2533	2532	48	47	46
1191	5	5	3375	3074	1907	1906	3376
1192	5	5	3391	3209	2153	2152
1193	5	5	1049	2589	2592	2807	1798	1797	2359	1050
1194	5	5	3392	3208	2028	2027	2552	2555	3393
1195	5	5	2878	2880	2999	2998	3338
1196	5	5	651	656	1516	2682	846	845	3053	652
1197	5	5	2011	2010	2098	2097	3119
1198	5	5	3087	3160	2156	749	748	3088
1199	5	5	3073	3393	2555	2554	1285	1284	1317
1200	5	5	1297	1296	898	897	1821	3346	3341
1201	5	5	2216	2221	1610	1477	1476
1202	5	5	3235	3315	2088	2093	1694	1693	3207
1203	5	5	3394	3395	3180	1414	1413	1919
1204	5	5	3378	3396	3397	3292	1856	1855
1205	5	5	1359	2674	2678	1839	1360
1206	5	5	3232	1286	1290	3383	3202	1972	1971
1207	5	5	3071	550	549	548	3212	3211	3398
1208	5	5	1655	1659	3180	3395	3399	2596	2595
1209	5	5	1660	1666	932	931	803	802
1210	5	5	2817	3220	3183	2818
1211	5	5	1349	1299	1298	1714	1350
1212	5	5	788	787	2080	2224	1833	1837
1213	5	5	3228	2430	2429	3272	3271	3229
1214	5	5	3130	1761	1764	3205	2353	2352
1215	5	5	752	731	730	905	692	691
1216	5	5	1581	1580	2596	3399	2869	2628	2627	2051
1217	5	5	2454	2794	290	289	288	2199	314	325	324	323	322
1218	5	5	1867	1852	387	401	400	399	398	397	2605
1219	5	5	3332	3161	2579	2578	3333
1220	5	5	3315	3314	3387	3200	3165	2629	2089	2088
1221	5	5	143	142	141	3264	1827	1826	3400	3401
1222	5	5	2614	3101	3100	3352	2615
1223	5	5	2322	2177	2176	2261
1224	5	5	1468	2965	2946	2534	2536	1469
1225	5	5	2671	2831	2476	2478	2672
1226	5	5	438	437	1261	3182	2202
1227	5	5	1748	1038	1043	3279	1749
1228	5	5	3389	2871	2874	3391	2152	2155	2405	3402
1229	5	5	2034	3071	3398	1760	775	774	1033
1230	5	5	72	71	1648	3288	3348
1231	5	5	3361	3403	1485	320	319	318	317	2703	3275
1232	5	5	2648	2647	3040	2561	2560	3404
1233	5	5	644	989	3173	3349	2147	2151	645
1234	5	5	2123	3136	3140	2124
1235	5	5	424	423	3089	3088	748	747
1236	5	5	1266	181	180	179	1267
1237	5	5	959	962	1757	1652	1651	2228
1238	5	5	2400	1716	1715	3342	3345
1239	5	5	2925	3385	3282	1458	1457
1240	5	5	1072	1075	2211	2210	3405
1241	5	5	2797	1967	1966	2828	2836	3406	3083
1242	5	5	2529	1700	793	792	3114	2530
1243	5	5	1084	2066	3086	1085
1244	5	5	14	13	1211	2181	2251	2250	1719
1245	5	5	3144	462	461	460	3045	3386
1246	5	5	3407	3339	3302	3124	672	671	3344
1247	5	5	1024	1023	2670	3123	2523	2522	2643
1248	5	5	879	3097	2520	2519	3143	3055	880
1249	5	5	2545	3397	3396	2690	2689	2857	2546
1250	5	5	985	2978	1948	1947	2623	986
1251	5	5	3267	1741	1740	3015
1252	5	5	3408	697	702	1219	1218
1253	5	5	3261	2314	2313	3117	1782	1781
1254	5	5	3112	3111	1490	1489	2709	2933	2932	3169
1255	5	5	591	590	589	588	3098	1318	1283	1276	1275	2474	2473
1256	5	5	2938	3249	3358	2812	2372	2371	2593
1257	5	5	3328	3329	3409	3410	3411
1258	5	5	2471	2475	2811	2810
1259	5	5	1722	1721	3208	3392
1260	5	5	1207	3412	1872	90	89	88
1261	5	5	3037	3413	3407	3344	3343	3038
1262	5	5	3304	3303	3334	3021	1140	1139
1263	5	5	3311	3335	1665	1664	3082	3312
1264	5	5	3137	2742	2236	2239	3054	3138
1265	5	5	1921	1920	2484	2489	2368
1266	5	5	3109	1941	1940	1240	1243	3131	3265	3110
1267	5	5	2735	2872	3388	3128	2736
1268	5	5	3383	1608	1607	2861	2860	3203	3202
1269	5	5	2710	2639	2638	3414
1270	5	5	1587	1133	1137	3355	2406
1271	5	5	1703	2855	3362	2604	2603	1704
1272	5	5	3256	1902	1901	2098	2010	2009	2129
1273	5	5	3390	3415	3416	2590	1934	1933	2549
1274	5	5	1989	1988	3213	2980	2979	3056
1275	5	5	3058	2428	2427	2787	2397	2396
1276	5	5	55	54	1930	1929
1277	5	5	2427	2426	2795	1483	1482	2788	2787
1278	5	5	3170	3169	2932	2937	889	888
1279	5	5	3271	3273	3061	3060	3230	3229
1280	5	5	3193	2266	2265	1647	1646
1281	5	5	11	10	9	2058	738	737	3354
1282	5	5	3417	2738	2737	921	920
1283	5	5	2494	2847	3418	2840	2839	2495
1284	5	5	254	253	252	251	3419	3347	675	674
1285	5	5	1811	1815	3330	2696	2695
1286	5	5	1070	3102	3046	724	723	831	1071
1287	5	5	2319	2318	3048	2588	622	626	2664
1288	5	5	1506	1244	1250	3191	3190	2734
1289	5	5	1627	1626	1945	1944	3108
1290	5	5	3359	3420	3062	3061	3273	3197	3196
1291	5	5	1687	1686	2945	2944	2067
1292	5	5	1683	2069	3420	3359	1684
1293	5	5	23	22	35	34	3421	855	854	1682	2785	3033
1294	5	5	3187	3186	3422	3135	2571	2570	3280
1295	5	5	1735	1734	3384	1848
1296	5	5	2712	712	716	3350	2987
1297	5	5	200	199	217	216	2165	2421	2420	715	714
1298	5	5	102	101	116	115	2617	2616	3217
1299	5	5	2994	3301	1822	1270	1269	2995
1300	5	5	3174	3072	2203	2202	3182	3181
1301	5	5	376	386	385	3022	2447	2446
1302	5	5	3035	3199	2909	2908	3036
1303	5	5	2187	2186	3148	698	697	3408
1304	5	5	3205	2110	2109	2662	2780	2354	2353
1305	5	5	3013	2758	1791	1790	3403	3361
1306	5	5	2086	1679	1678	2820
1307	5	5	1382	3423	2924	1383
1308	5	5	2050	2921	2920	3162	2955	833	832
1309	5	5	1663	1662	2789	3080
1310	5	5	2200	1779	1589	1588	3066	1894	1896
1311	5	5	3081	2972	2971	3312	3082
1312	5	5	2346	3317	2437	2436	1073	1072	3405	2347
1313	5	5	2697	2696	3330	2655	1524	1523	2718
1314	5	5	474	473	472	471	470	2157	2156	3160	2065	2064	763
1315	5	5	1380	1379	2644	2648	3404	3424
1316	5	5	2105	2108	3425	3003	3002	1594	1593
1317	5	5	2400	3345	3346	1821	1822	3301	2401
1318	5	5	792	797	3198	3115	3114
1319	5	5	3426	875	878	2702	2701	3366
1320	5	5	3189	3188	2095	2094	3274
1321	5	5	2948	780	785	1380	3424	2559	2558	2949
1322	5	5	3167	3079	3078	2256	2255	3427	3409	3329
1323	5	5	3297	3300	717	719	1689	978	977
1324	5	5	3360	1066	1065	1343	1342
1325	5	5	1055	1054	3305	1502	1505
1326	5	5	1892	1891	2491
1327	5	5	2802	2940	2412	2411	2803
1328	5	5	2024	1630	1615	1614	2025
1329	5	5	742	2179	2182	743
1330	5	5	58	57	56	1698	1007	1006	1957
1331	5	5	1034	1037	3246	3350	716	715	2420
1332	5	5	2047	2049	2356	2355	2782	3428	3381	3324	2875
1333	5	5	2189	2188	2777	2779	3270	3319
1334	5	5	3429	1774	1451	1450	2451
1335	5	5	2840	3418	3430	2599	2598	850	849	2539
1336	5	5	3130	2352	2358	3265	3131
1337	5	5	41	40	1738	1737	2622
1338	5	5	2901	1847	1849	2902
1339	5	5	1511	499	509	508	507	1485	3403	1790
1340	5	5	2559	3424	3404	2560
1341	5	5	3203	2860	1371	1370	3277	3204
1342	5	5	2118	1423	1428	696	695	2792
1343	5	5	592	591	2473	2472	2513
1344	5	5	3219	3218	2112	2115	2956	2468	2467	3175
1345	5	5	1088	1087	1174	1173	1583	1640
1346	5	5	3420	2069	2068	3125	2366	2341	2340	3062
1347	5	5	3322	3431	2317	2316
1348	5	5	1375	2131	1193	1192	2113	1376
1349	5	5	3293	1095	1098	1836	1835	2515
1350	5	5	2079	451	450	2419	2864
1351	5	5	2093	2092	3179	1658	1657	1694
1352	5	5	340	339	2363	2557	2556	2770
1353	5	5	3195	3357	535	534	544	543	2533	3353	3194
1354	5	5	3432	3406	2836	2749	1746	1745	2859
1355	5	5	2672	2478	2125	2124	3140	3139	810	809	1600
1356	5	5	2100	3296	3363	1171	1170	2001	2000
1357	5	5	423	422	2164	3089
1358	5	5	2481	2535	2947	930	929	2482
1359	5	5	2939	2264	2263	2274
1360	5	5	1319	1323	1881	948	947	2910	2633
1361	5	5	3037	3036	2908	2907	2141	2140	1445	1444	3340	3413
1362	5	5	2582	3227	3230	3060	3059	2583
1363	5	5	1154	1119	1118	360	359	358	3356	2786	2398	1155
1364	5	5	2019	2018	487	486	485	484	1977	3032
1365	5	5	1267	179	178	3433	2365	2364	1268
1366	5	5	2930	2935	2934	3117	2313	2312
1367	5	5	1701	900	899	2854	1702
1368	5	5	1493	3291	3292	3397	2545	1494
1369	5	5	2885	2924	3423	599	604
1370	5	5	2587	2588	3048	3047	3103	3147	2867	2866
1371	5	5	3039	3038	3343	2388	2392	3092
1372	5	5	814	813	2121	3091	1586	1182
1373	5	5	2880	2879	3336	3000	2999
1374	5	5	2225	2276	3221	3416	3415	2226
1375	5	5	3126	2252	2251	2181	2180	2975	3287	2208	2215
1376	5	5	2012	2011	3119	3118	3382
1377	5	5	2634	2637	2929	3323	2889
1378	5	5	3298	976	975	3299
1379	5	5	1569	2557	2363	1405	1404
1380	5	5	2918	2917	3226	3206	1742	1741	3267
1381	5	5	3022	3021	3334	1983	1982	3150	3149	2448	2447
1382	5	5	1075	1074	1480	1479	2212	2211
1383	5	5	1839	2678	2677	2873	1840
1384	5	5	3232	3233	2958	1287	1286
1385	5	5	3374	3373	3028	3031	1915	1914
1386	5	5	2982	2653	2654	2192	2195
1387	5	5	1826	1825	3400
1388	5	5	3426	3366	3368	2650	2649	3325
1389	5	5	3240	3351	1796	1795	3216	3215
1390	5	5	19	18	3099	1190
1391	5	5	1594	3002	3007	3141	523	522	521
1392	5	5	3434	3012	3011	1148	1147
1393	5	5	2108	2107	2762	2761	3425
1394	5	5	2755	2104	2103	3295	2756
1395	5	5	4	3	3101	2614	2613	3172	3016
1396	5	5	541	540	539	939	2853	2531
1397	5	5	768	1529	1528	825	769
1398	5	5	1642	1641	2350	2349
1399	5	5	2210	2209	2348	2347	3405
1400	5	5	1863	1862	1473	1472	2161	3254	2303	2302
1401	5	5	766	1799	1422	1225	727	726
1402	5	5	653	652	3053	3051	3050	3135	3422	3435
1403	5	5	617	616	1234	1707	1706
1404	5	5	2647	2646	1603	1602	1670	1669	3040
1405	5	5	2881	1578	1577	2888	2882
1406	5	5	2254	2717	493	492	491	498	497	2693	2150	2149	3427	2255
1407	5	5	2708	2707	1886	1784	1783
1408	5	5	3193	3192	2957	2594	2267	2266
1409	5	5	1250	1249	2957	3192	3191
1410	5	5	3001	3000	3336	3335	3311
1411	5	5	1858	1863	2302	2076
1412	5	5	3316	3266	2219	2218	3113	3285
1413	5	5	1563	1568	3380	2993	968	967	2977	3369
1414	5	5	3066	3070	1895	1894
1415	5	5	434	433	432	431	2757	3434	1147	1146	1257	1256
1416	5	5	3164	3163	1960	1959	3251	3248
1417	5	5	186	198	197	196	184	183	182	894	893	1295
1418	5	5	1017	2642	3313	3234	1018
1419	5	5	3377	847	846	2682	2681	3289
1420	5	5	12	11	3354	1209
1421	5	5	3216	1795	1794	2324
1422	5	5	3321	3389	3402	3431	3322
1423	5	5	605	608	2562	1751	1750	3411	3410	3436
1424	5	5	3034	3094	3166	3199	3035
1425	5	5	836	835	1853	1866	2611
1426	5	5	2990	753	758	2501	2500
1427	5	5	1377	1376	2113	2112	3218
1428	5	5	1241	2573	2572	3129	1242
1429	5	5	273	272	271	3367	2700
1430	5	5	3023	1057	1056	3144	3386	3024
1431	5	5	2837	1597	1596	1965
1432	5	5	3436	3410	3409	3427	2149	2148
1433	5	5	2868	2867	3147	3146	393	392	391
1434	5	5	2096	3280	2570	1955	1954
1435	5	5	3433	178	177	1208
1436	5	5	2804	2230	1998	2006	2290	2289	3052
1437	5	5	901	1874	1878	2960	902
1438	5	5	3052	2289	2294	2942	2941
1439	5	5	1049	1052	1935	2589
1440	5	5	483	482	481	2826	3076	1976
1441	5	5	3151	3150	1982	1981
1442	5	5	3258	2600	2599	3430	3259
1443	5	5	519	518	517	516	866	865	3333	2578	1590
1444	5	5	60	59	2921	2050
1445	5	5	1333	2183	3381	3428	3437	3252	1334
1446	5	5	2664	626	625	2591	2590	3416	3221	2665
1447	5	5	1848	3384	219	218	2903	2902	1849
1448	5	5	661	660	235	234	2710	3414	3077
1449	5	5	3337	2744	2743	2966
1450	5	5	1492	1496	1550	2739	2738	3417
1451	5	5	586	585	584	583	2668	1378	784	783	1189
1452	5	5	2650	3368	3367	271	270	269	2651
1453	5	5	2964	2899	2898	852	851
1454	5	5	3157	3156	2851	2850	2167	2166
1455	5	5	2604	3362	1975	1974	2608	1865	1864
1456	5	5	3372	1125	1132	3029	3028	3373
1457	5	5	1181	1180	1624	2223	2222	883	882
1458	5	5	2290	2006	2005	3281	2488	2487	2291
1459	5	5	3316	3285	1082	1081	1403	2719	2913	2912
1460	5	5	2686	3429	2451	2453	2992	2687
1461	5	5	2322	1793	1798	2807	2459	2178	2177
1462	5	5	2518	2214	2213	1629	1628
1463	5	5	530	529	528	527	533	532	2566	3385	2925	1504	1503	2567
1464	5	5	229	228	227	2325	2587	2866
1465	5	5	1150	3077	3414	2638	2641	1151
1466	5	5	642	3438	1860	1859	637
1467	5	5	925	3435	3422	3186	2259	2258	926
1468	5	5	3390	2227	2226	3415
1469	5	5	245	244	1433	1432	3105
1470	5	5	2105	1593	1592	2577	2580	2106
1471	5	5	927	926	2258	2257	1152
1472	5	5	416	415	414	690	696	1428	1427
1473	5	5	710	1110	1109	1151	2641	2640	711
1474	5	5	2305	2576	2805	3439	2306
1475	5	5	3371	3374	1914	1913	3284
1476	5	5	120	119	118	3223	3222	904
1477	5	5	1065	1071	831	830	3364	2134	2133	2238	2237	1344	1343
1478	5	5	2612	606	605	3436	2148	2147	3349
1479	5	5	1927	1501	1500	2724	2723	2961
1480	5	5	3394	1919	1923	2741
1481	5	5	1518	1517	3286	2626	2375
1482	5	5	448	447	446	445	872	668	667	2418	2417
1483	5	5	2996	2685	2690	3396	3378	2997
1484	5	5	987	986	2623	2624	2751	3237
1485	5	5	3068	3067	3176
1486	5	5	2309	1327	1331	3226	2917	2916	2822	2310
1487	5	5	3105	1432	1439	2031	1032	1031
1488	5	5	3365	1300	1304	1777
1489	5	5	1492	3417	920	919	3291	1493
1490	5	5	2160	2159	2184
1491	5	5	162	161	3304	1139	1138
1492	5	5	811	810	3139	3138	3054	2132
1493	5	5	315	314	2199	2198	957	277	276	275
1494	5	5	2822	2916	2915	2823
1495	5	5	86	100	99	2365	3433	1208
1496	5	5	3347	3419	74	73	72	3348
1497	5	5	1126	2790	2793	1367	1127
1498	5	5	1723	1722	3392	3393	3073
1499	5	5	2659	2923	2848	2334	2333
1500	5	5	2501	758	757	2410	3308	2502
1501	5	5	2188	2187	3408	1218	1221	2777
1502	5	5	1584	1172	1177	1397	1396	2437	3317
1503	5	5	2756	3295	3294	3379	3440	1910	912	911
1504	5	5	3287	3231	1643	1642	2349	2348	2209	2208
1505	5	5	3255	3432	2859	2699	1727	1726
1506	5	5	3210	2809	1758	1760	3398	3211
1507	5	5	2805	2806	3281	2005	2004	3439
1508	5	5	168	167	166	2030	2465
1509	5	5	140	154	153	335	334	3260	2060	2059
1510	5	5	3314	3257	3259	3430	3418	2847	2846	3387
1511	5	5	164	163	162	1138	1144	2858
1512	5	5	3010	3009	3083	3406	3432	3255
1513	5	5	75	74	3419	251	265	264
1514	5	5	2801	2505	2504	3261	1781	1780
1515	5	5	1911	1910	3440	2084	2083	2798
1516	5	5	2781	3437	3428	2782
1517	5	5	1582	1585	2351	2350	1641
1518	5	5	2405	2406	3355	663	662	2317	3431	3402
1519	5	5	3394	2741	1230	1229	1519	2377	2869	3399	3395
1520	5	5	648	653	3435	925
1521	5	5	1633	1637	1540	1539	1677	1676	2138
1522	5	5	2253	3189	3274	1046	1045	2717	2254
1523	5	5	3270	3269	3276	3320	3319
1524	5	5	980	954	953	1546	1545	2171
1525	5	5	682	681	1262	2120	2119
1526	5	5	2306	3439	2004	2003	2307
1527	5	5	2956	2543	2469	2468
1528	5	5	3328	3411	1750	1749	3279	3278
1529	5	5	1920	1412	1102	1101	2602	2485	2484
1530	5	5	3254	2161	2162	1103	1107	1228	2575
1531	5	5	1906	1905	848	847	3377	3376
1532	5	5	2687	2992	2993	3380	2688
1533	5	5	1418	2633	2910	1419
1534	5	5	3159	3382	3118	407	406	405
1535	5	5	2345	2351	1585	908	907
1536	5	5	2508	2510	2730	3236
1537	5	5	3407	3413	3340	3339
1538	5	5	2671	2673	2820	1678	1677	1539	1538	3370	2832	2831
1539	5	5	130	129	128	951	950	3171	2128
1540	5	5	2644	1379	1378	2668	2512	2511	2645
1541	5	5	2863	2824	2827	52	69	68	1372
1542	5	5	613	617	1706	1705	3310	3309	1044
1543	5	5	1124	1123	1808	1807	2726	2725	1673
1544	5	5	806	2134	3364	807
1545	5	5	3297	977	976	3298
1546	5	5	1439	1438	2899	2964	2963	2032	2031
1547	5	5	3222	3225	693	692	905	904
1548	5	5	1797	1796	3351	2360	2359
1549	5	5	3426	3325	3327	3331	869	868	875
1550	5	5	3003	3425	2761	2760	3004
1551	5	5	1861	1860	3438	1800	1802
1552	5	5	108	107	106	105	1326	3252	3437	2781	2780	2662
1553	5	5	2524	2523	3123	2745
1554	5	5	3152	3154	1416	1420	946	137	136	135
1555	5	5	505	504	503	502	1513	2788	1482
1556	5	5	944	2424	966	965	1113	945
1557	5	5	1064	1063	1810	1809	2455	2458	1650	1649	2967
1558	5	5	3391	2874	2873	2677	2676	3177	3209
1559	5	5	3128	3388	2927	629	628
1560	5	5	1786	707	706	2883	2969
1561	5	5	1993	2981	353	363	362	1002	1001
1562	5	5	1039	862	861	3132	3134	3247	1040
1563	5	5	2667	2666	2232	2136	2135	1279	1278
1564	5	5	3233	1551	1554	3318	2959	2958
1565	5	5	2085	2084	3440	3379
1566	5	5	2418	667	666	2838	2865	2864	2419
1567	5	5	125	124	729	728	1227	2073	841	840
1568	5	5	3152	135	134	2007	1027	1026
1569	5	5	1178	2968	2970	2194	1621	1179
1570	5	5	3156	3155	3121	3120	2852	2851
1571	5	5	995	1000	3313	2642
1572	5	5	2581	144	143	3401
1573	5	5	3421	34	33	2783
1574	5	5	331	2272	332
1575	5	5	342	2063	343
1576	5	5	354	2767	355
1577	5	5	411	2922	2658	412
1578	5	5	295	2285	798	296
1579	5	5	510	2191	512	511
1580	5	5	389	1851	390
1581	5	5	64	2796	65
1582	5	5	434	1256	435
