0	5	5	0	1	2	3	4	5	6
1	5	5	7	8	9	10	11	0	6	12
2	5	5	13	14	7	12	15
3	5	5	16	17	18	19	13	15	20
4	5	5	21	22	16	20	23
5	5	5	24	25	26	27	28	21	23	29
6	5	5	30	24	29	31
7	5	5	32	30	31	33
8	5	5	34	35	36	37	38	39	32	33	40
9	5	5	41	42	43	44	45	46	34	40	47
10	5	5	48	41	47	49
11	5	5	50	51	52	53	54	55	56	57	48	49	58
12	5	5	59	50	58	60
13	5	5	61	62	63	64	59	60	65
14	5	5	66	67	68	61	65	69
15	5	5	70	66	69	71
16	5	5	72	73	74	75	76	70	71	77
17	5	5	78	72	77	79
18	5	5	80	81	82	78	79	83
19	5	5	84	85	86	80	83	87
20	5	5	88	84	87	89
21	5	5	90	91	92	93	94	95	96	97	98	99	88	89	100
22	5	5	101	90	100	102
23	5	5	103	104	105	106	107	108	101	102	109
24	5	5	110	111	112	103	109	113
25	5	5	114	110	113	115
26	5	5	116	117	118	119	120	121	122	123	124	125	126	114	115	127
27	5	5	128	117	116	129
28	5	5	130	131	132	133	134	128	129	135
29	5	5	136	130	135	137
30	5	5	138	139	140	141	142	136	137	143
31	5	5	144	138	143	145
32	5	5	146	147	148	149	150	151	152	153	154	155	144	145	156
33	5	5	157	146	156	158
34	5	5	159	160	161	162	163	164	165	166	167	168	157	158	169
35	5	5	170	171	172	173	174	159	169	175
36	5	5	176	177	178	179	170	175	180
37	5	5	181	182	183	176	180	184
38	5	5	185	186	187	188	189	190	191	192	193	194	181	184	195
39	5	5	196	197	185	195	198
40	5	5	199	200	201	202	196	198	203
41	5	5	204	199	203	205
42	5	5	206	207	208	209	210	211	212	204	205	213
43	5	5	214	206	213	215
44	5	5	216	217	214	215	218
45	5	5	219	220	221	222	223	224	216	218	225
46	5	5	226	227	228	229	230	231	232	219	225	233
47	5	5	234	235	236	226	233	237
48	5	5	238	239	234	237	240
49	5	5	241	242	243	244	238	240	245
50	5	5	246	247	248	249	241	245	250
51	5	5	251	252	253	254	247	246	255
52	5	5	256	257	258	259	260	261	262	251	255	263
53	5	5	264	256	263	265
54	5	5	266	267	268	269	270	271	264	265	272
55	5	5	273	274	275	276	277	266	272	278
56	5	5	279	273	278	280
57	5	5	281	282	283	284	285	286	279	280	287
58	5	5	281	287	288
59	5	5	289	290	291	292	293	282	281	288	294
60	5	5	295	289	294	296
61	5	5	297	298	299	300	295	296	301
62	5	5	302	303	304	305	306	297	301	307
63	5	5	308	309	310	311	312	313	314	315	316	317	302	307	318
64	5	5	319	320	321	322	323	308	318	324
65	5	5	325	326	327	319	324	328
66	5	5	329	330	331	332	333	334	335	325	328	336
67	5	5	337	338	339	340	341	342	343	344	345	346	347	329	336	348
68	5	5	349	350	337	348	351
69	5	5	352	353	354	349	351	355
70	5	5	356	357	358	359	352	355	360
71	5	5	361	362	356	360	363
72	5	5	364	361	363	365
73	5	5	366	367	368	364	365	369
74	5	5	370	367	366	371
75	5	5	372	373	374	375	376	377	370	371	378
76	5	5	379	372	378	380
77	5	5	381	382	383	379	380	384
78	5	5	385	381	384	386
79	5	5	387	388	389	390	391	385	386	392
80	5	5	393	394	395	387	392	396
81	5	5	397	398	399	400	401	402	393	396	403
82	5	5	404	405	406	397	403	407
83	5	5	408	404	407	409
84	5	5	410	411	408	409	412
85	5	5	413	414	415	416	417	410	412	418
86	5	5	419	413	418	420
87	5	5	421	422	423	424	425	426	427	428	429	430	431	419	420	432
88	5	5	433	421	432	434
89	5	5	435	436	437	438	439	433	434	440
90	5	5	441	435	440	442
91	5	5	443	444	445	446	441	442	447
92	5	5	448	449	450	443	447	451
93	5	5	452	453	454	455	456	457	458	459	460	461	462	463	464	465	448	451	466
94	5	5	467	452	466	468
95	5	5	469	470	471	472	467	468	473
96	5	5	474	475	469	473	476
97	5	5	477	478	479	480	481	482	483	474	476	484
98	5	5	485	486	487	488	489	477	484	490
99	5	5	491	485	490	492
100	5	5	493	494	491	492	495
101	5	5	496	497	498	499	500	501	502	503	504	493	495	505
102	5	5	3	496	505	4
103	5	5	506	507	508	509	510	511	512	513	514	515
104	3	3	513	516	43	42	41	48	57	56	517	515	514
105	5	5	518	519	520	521	44	43	516	513	512
106	4	4	510	509	522	523	524	525	526	527	528	529	530	531	519	518	512	511
107	5	5	532	533	534	535	536	523	522	509	508
108	2	2	506	537	538	539	540	541	542	543	544	545	546	547	548	533	532	508	507
109	5	5	517	56	55	549	550	551	552	553	554	539	538	537	506	515
110	5	5	555	556	557	558	559	560	561
111	5	5	562	563	564	561	560
112	5	5	565	566	567	568	562	560	559
113	5	5	569	570	571	565	559	558
114	5	5	572	573	574	575	576	577	578	579	569	558	557
115	3	3	555	580	581	582	583	584	585	586	587	588	589	573	572	557	556
116	5	5	564	581	580	555	561
117	5	5	590	591	592	593	594	595	596	597	598
118	5	5	599	600	598	597
119	5	5	601	602	603	604	605	606	599	597	596
120	5	5	607	608	601	596	595
121	5	5	609	610	611	607	595	594
122	5	5	612	609	594	593
123	5	5	613	614	615	616	617	612	593	592
124	4	4	590	618	619	620	621	614	613	592	591
125	5	5	600	618	590	598
126	5	5	622	623	624	625	626
127	5	5	627	628	629	630	631	626	625
128	5	5	632	633	634	635	636	637	638	627	625	624
129	5	5	639	640	641	642	632	624	623
130	5	5	643	644	645	639	623	622
131	5	5	631	643	622	626
132	5	5	646	647	648	649	650	651
133	3	3	649	652	653	654	655	656	657	658	659	660	661	662	663	664	665	666	667	668	669	670	651	650
134	5	5	671	672	652	649	648
135	2	2	646	673	674	675	676	677	678	679	680	681	682	683	684	685	686	687	688	689	690	691	672	671	648	647
136	5	5	670	669	692	693	673	646	651
137	5	5	694	695	696	697	698	699	700	701
138	4	4	702	703	704	705	706	707	708	709	710	711	712	713	714	701	700
139	5	5	715	716	717	718	719	705	704	703	702	700	699
140	5	5	720	721	722	723	724	715	699	698
141	4	4	696	725	726	727	479	478	477	489	488	721	720	698	697
142	5	5	728	729	726	725	696	695
143	4	4	730	731	732	733	470	469	475	734	483	482	481	480	729	728	695	694
144	5	5	714	713	735	736	737	738	739	740	741	742	743	471	470	733	732	731	730	694	701
145	5	5	359	744	745	746	353	352
146	3	3	747	748	749	750	751	752	753	754	755	756	757	350	349	354	353	746
147	5	5	758	748	747	746	745
148	2	2	359	358	357	362	361	364	368	367	370	377	376	759	760	761	762	758	745	744
149	5	5	763	764	765	766	767	768	769	770	771	772	773	774	775	776
150	4	4	774	773	777	778	779	780	781	782	783	784	785	786	787	776	775
151	5	5	788	778	777	773	772
152	3	3	770	789	790	791	792	793	794	795	796	797	798	799	800	801	802	803	804	788	772	771
153	5	5	805	806	789	770	769
154	4	4	767	766	807	808	809	810	811	812	806	805	769	768
155	5	5	813	807	766	765
156	3	3	763	814	815	816	817	818	819	820	821	822	813	765	764
157	5	5	787	786	823	824	825	815	814	763	776
158	5	5	826	827	828	829	830	831	832
159	5	5	833	834	835	836	837	838	839	840	841	842	832	831
160	5	5	843	844	833	831	830
161	5	5	845	843	830	829
162	5	5	846	847	848	845	829	828
163	2	2	826	849	850	851	852	853	854	855	856	857	858	859	860	861	862	863	864	865	866	867	868	869	870	871	846	828	827
164	5	5	842	872	873	850	849	826	832
165	5	5	874	875	876	877	878
166	5	5	879	880	881	882	883	878	877
167	3	3	884	885	886	887	888	889	890	891	892	893	894	895	896	897	898	899	900	901	902	903	904	825	824	905	880	879	877	876
168	5	5	906	907	886	885	884	876	875
169	4	4	908	909	910	911	912	913	914	915	916	917	918	919	906	875	874
170	5	5	883	909	908	874	878
171	5	5	920	921	922	923	924	925	926
172	5	5	927	928	929	930	931	926	925
173	3	3	923	932	933	934	935	936	937	938	939	928	927	925	924
174	5	5	940	941	933	932	923	922
175	5	5	942	943	944	940	922	921
176	5	5	945	946	947	942	921	920
177	5	5	931	948	949	945	920	926
178	2	2	326	950	335	334	333	332	951	952	953	954	955	956	957	320	319	327
179	5	5	335	950	326	325
180	5	5	958	959	960	961	962	963	964	965
181	5	5	966	967	965	964
182	3	3	962	968	969	970	971	972	973	974	975	976	977	978	979	980	967	966	964	963
183	5	5	981	982	983	968	962	961
184	5	5	984	985	986	987	988	989	981	961	960
185	1	1	958	990	991	992	993	994	995	996	997	998	999	1000	1001	1002	1003	1004	1005	1006	1007	1008	1009	1010	1011	1012	1013	1014	1015	1016	1017	1018	1019	1020	1021	1022	1023	985	984	960	959
186	5	5	967	980	979	1024	1025	1026	1027	992	991	990	958	965
187	3	3	167	166	1028	1029	1030	1031	1032	1033	149	148	147	146	157	168
188	5	5	1034	1035	1029	1028	166	165
189	3	3	163	1036	1037	1038	1039	1040	1041	1042	1043	1044	1045	1046	1047	1035	1034	165	164
190	5	5	1048	1049	1036	163	162
191	2	2	160	159	174	173	1050	1051	1052	1053	1054	1055	1056	1057	1058	1059	1049	1048	162	161
192	5	5	761	760	759	1060	1061
193	5	5	1062	1063	1064	1065	1061	1060
194	5	5	376	375	1062	1060	759
195	5	5	1065	750	749	748	758	762	761	1061
196	5	5	1066	1067	1068	1069	1070	1071	1072	1073	1074
197	3	3	1072	1075	1076	1077	1078	1079	1080	1081	1082	1083	1084	1085	1086	1087	1088	1089	1090	1091	1074	1073
198	5	5	1092	1093	1094	1075	1072	1071
199	2	2	1069	1095	1096	1097	1098	1099	1100	1101	1102	1103	1104	1105	1106	1107	1108	1109	1110	1111	1112	1113	1114	1115	1116	1117	1093	1092	1071	1070
200	5	5	1118	1119	1096	1095	1069	1068
201	3	3	1066	1120	1121	1122	1123	1124	1125	1126	1127	1128	1129	1130	1131	1132	1119	1118	1068	1067
202	5	5	1091	1090	1133	1134	1135	1136	1137	1121	1120	1066	1074
203	5	5	1128	1127	1126	1138	1139
204	5	5	1140	1141	1142	1143	1139	1138
205	5	5	1125	1144	1145	1146	1140	1138	1126
206	5	5	1143	1131	1130	1129	1128	1139
207	5	5	1147	1148	1149	1150
208	5	5	1151	1152	1153	1154	1150	1149
209	5	5	1155	1156	1157	1158	1159	1151	1149	1148
210	3	3	1160	1161	1162	1163	1164	1165	1166	1167	1168	1169	1170	1171	1156	1155	1148	1147
211	5	5	1154	1172	1173	1174	1175	1176	1160	1147	1150
212	5	5	1177	1178	1179	1180	1181	1182	1183	1184	1185
213	5	5	1186	1187	1188	1189	1185	1184
214	5	5	1190	1191	1192	1193	1194	1195	1196	1187	1186	1184	1183
215	5	5	617	616	1197	1190	1183	1182
216	5	5	1198	1199	610	609	612	617	1182	1181
217	5	5	1200	1201	1202	1203	1198	1181	1180
218	5	5	1204	1205	1206	1207	1208	1200	1180	1179
219	3	3	1177	1209	1210	1211	1212	1213	1214	1215	1216	1217	1218	1205	1204	1179	1178
220	5	5	1189	1219	1220	1210	1209	1177	1185
221	5	5	1221	1222	1223	1224	1225	1226	1227
222	5	5	1228	1229	1230	1231	1227	1226
223	5	5	1232	1233	1234	1235	1228	1226	1225
224	5	5	1236	1237	1238	1239	1240	1241	1232	1225	1224
225	5	5	1242	1243	1244	1245	1236	1224	1223
226	5	5	1246	1242	1223	1222
227	5	5	1247	1248	1249	1250	1251	1246	1222	1221
228	5	5	1231	1252	1247	1221	1227
229	5	5	1253	1254	1255	1256
230	2	2	1257	1258	1259	1260	1261	1262	1263	1264	1265	1266	1267	1268	1269	1270	1271	1272	1273	1274	1275	1276	1277	1278	1279	1280	1281	1256	1255
231	5	5	1282	1283	1258	1257	1255	1254
232	2	2	1284	1285	1286	284	283	282	293	1287	1288	1289	1290	1291	1292	1293	1294	1283	1282	1254	1253
233	5	5	1281	1280	1295	1296	1297	1285	1284	1253	1256
234	5	5	1298	1299	1300	1301	1302	1303	1304	1305	1306	1307	1308
235	5	5	1309	1310	1311	1312	1313	1314	1315	1316	1308	1307
236	5	5	1317	1318	1319	1309	1307	1306
237	5	5	1320	1317	1306	1305
238	2	2	1303	1302	1301	1321	1322	1323	1324	1325	1326	1327	1328	1329	1330	949	948	931	930	929	1331	1320	1305	1304
239	5	5	1332	1333	1334	1335	1336	1337	1338	1339	1323	1322	1321	1301	1300
240	3	3	1298	1340	1341	1342	1343	1344	1345	1333	1332	1300	1299
241	5	5	1316	1346	1347	1348	1349	1350	1351	1352	1341	1340	1298	1308
242	5	5	1353	1354	1355	1356	1357	1358
243	5	5	1359	1360	1361	1362	1363	1358	1357
244	5	5	1364	1365	1366	1359	1357	1356
245	5	5	1367	1368	1369	1370	1371	1372	1364	1356	1355
246	2	2	1353	1373	1374	1375	1376	1377	1378	1379	1380	1381	1382	1383	1384	1385	1386	1387	1388	1389	1367	1355	1354
247	5	5	1363	1390	1391	1392	1393	1394	1374	1373	1353	1358
248	5	5	1395	1396	1397	1398	1399	1400	1401	1402	1403	1404
249	4	4	1402	1405	983	982	981	989	988	1406	1407	1408	1404	1403
250	5	5	1409	1410	970	969	968	983	1405	1402	1401
251	3	3	1399	1411	1412	1413	1414	1415	1410	1409	1401	1400
252	5	5	1416	1417	1418	1419	1412	1411	1399	1398
253	2	2	1396	1395	1420	1421	1422	1423	1424	1425	1426	1427	1428	1429	1430	1431	1432	1433	1434	1417	1416	1398	1397
254	5	5	1408	1407	1406	1435	1436	1437	1438	1439	1440	1420	1395	1404
255	5	5	1441	1442	1443	1444	1445
256	3	3	1443	1446	1447	1448	1449	1450	1451	1452	1453	1454	1455	1456	1457	1458	1459	1460	1461	1462	1463	1464	1465	1466	1467	1445	1444
257	5	5	1468	1469	1470	1471	1447	1446	1443	1442
258	5	5	1472	1473	1474	1468	1442	1441
259	5	5	1467	1466	1475	1476	1477	1472	1441	1445
260	5	5	1478	1479	1480	1481	1482	1483	1484
261	1	1	1482	1485	1486	1487	1488	1489	1490	1491	1492	1493	1494	1495	1496	1497	1498	1499	1500	1501	1502	1503	1504	1505	1506	1507	1484	1483
262	5	5	1508	1486	1485	1482	1481
263	2	2	1479	1509	1510	1511	1512	1513	1514	1515	1516	1517	1518	1519	1520	1521	1508	1481	1480
264	5	5	1522	896	895	894	1510	1509	1479	1478
265	5	5	1507	900	899	898	1522	1478	1484
266	5	5	1523	1524	1525	1526	1527	1528	1529
267	5	5	1530	1531	1532	1533	1534	1535	1529	1528
268	5	5	1536	1537	1538	1530	1528	1527
269	2	2	1525	1539	1540	1541	1542	192	191	190	189	1543	1536	1527	1526
270	5	5	1544	1540	1539	1525	1524
271	5	5	1545	1546	1547	1548	1549	1544	1524	1523
272	5	5	1535	1550	1551	1545	1523	1529
273	5	5	786	785	784	882	881	823
274	5	5	880	905	824	823	881
275	5	5	783	782	1552	1553	911	910	909	883	882	784
276	5	5	1554	1555	1556	1557	1558	1559	1560	1561	1562	1563	1564
277	5	5	1565	1566	1564	1563
278	4	4	1561	1567	1568	1569	1570	1571	1572	1573	1574	1575	1566	1565	1563	1562
279	5	5	1576	1568	1567	1561	1560
280	5	5	1577	1578	1579	1576	1560	1559
281	5	5	1580	1581	1577	1559	1558
282	5	5	1582	1583	1584	1585	1586	1587	1588	1589	1580	1558	1557
283	4	4	1555	1554	1590	1591	1592	1593	1583	1582	1557	1556
284	5	5	1566	1575	1574	1594	1595	1596	1597	1598	1599	1591	1590	1554	1564
285	5	5	1600	1601	1602	1603	1604	1605
286	2	2	1603	1606	1607	1608	1609	1610	1611	1612	1613	1614	1615	1616	1617	1618	1619	1620	1621	1622	1623	1624	1625	1626	1605	1604
287	5	5	1627	1606	1603	1602
288	5	5	1628	1629	1630	1631	1632	1627	1602	1601
289	5	5	1633	1634	1635	1628	1601	1600
290	5	5	1626	1625	1636	1633	1600	1605
291	5	5	1022	1021	1020	1637	1638	1639
292	5	5	1640	1641	1642	1643	987	986	1639	1638
293	5	5	1644	1640	1638	1637
294	5	5	1020	1644	1637
295	5	5	986	985	1023	1022	1639
296	5	5	1645	1646	1647	1546	1545	1551
297	5	5	1648	1649	1650	1651	1652	1547	1546	1647
298	2	2	1645	1653	1654	1655	1656	1657	1658	1659	1660	1661	1662	1663	1664	1665	1666	1667	1668	1669	1670	1671	1672	1649	1648	1647	1646
299	5	5	1550	1673	1674	1675	1655	1654	1653	1645	1551
300	3	3	316	1676	1677	1678	1679	1680	1681	1682	1683	1684	1685	1686	1687	304	303	302	317
301	5	5	1688	1677	1676	316	315
302	3	3	313	312	1689	1690	1691	1692	1693	1694	1695	1696	1688	315	314
303	5	5	310	1697	1698	1699	1690	1689	312	311
304	4	4	308	323	322	321	1700	1701	1698	1697	310	309
305	5	5	1702	1703	1704	1705	1706	1707	1708	1709
306	5	5	1710	1711	1712	1713	1714	1709	1708
307	5	5	1715	1716	1270	1269	1268	1717	1718	1719	1720	1710	1708	1707
308	4	4	1705	1721	1722	1723	1724	1725	1726	1727	1728	1729	1730	1716	1715	1707	1706
309	5	5	1731	1732	1733	1734	1735	1736	1722	1721	1705	1704
310	3	3	1702	1737	1738	1739	1740	1741	1742	1743	1744	1745	1746	1747	1748	1749	1750	1751	1732	1731	1704	1703
311	5	5	1714	1752	1738	1737	1702	1709
312	5	5	1753	1754	1755	1756
313	4	4	1757	1758	1759	1760	1761	1762	1763	1238	1237	1236	1245	1244	1764	1756	1755
314	5	5	1765	1766	1767	1768	1769	1770	1758	1757	1755	1754
315	4	4	1771	1772	1773	1774	1775	1776	1766	1765	1754	1753
316	5	5	1764	1244	1243	1777	1458	1457	1456	1778	1772	1771	1753	1756
317	5	5	1779	1780	1781	1782	1692	1691	1690	1699	1698	1701	1700	321	320	957	956
318	5	5	1783	1784	1693	1692	1782
319	3	3	1780	1779	1785	1786	1787	1788	1789	1790	1791	1792	1793	1794	1795	1796	1797	1798	1784	1783	1782	1781
320	5	5	955	954	1799	1786	1785	1779	956
321	5	5	1427	1426	1800	1801	1802	1803
322	3	3	1801	1804	1805	608	607	611	610	1199	1198	1203	1202	1201	1200	1208	1207	1806	1807	1808	1809	1810	1811	1803	1802
323	5	5	1812	1813	1814	1815	1805	1804	1801	1800
324	5	5	1425	1424	1816	1817	1818	1819	1820	1812	1800	1426
325	5	5	1811	1821	1428	1427	1803
326	5	5	1822	1823	1824	1825	1235	1234
327	5	5	1826	1827	1828	1829	1830	1831	1822	1234	1233
328	5	5	1241	1826	1233	1232
329	5	5	1825	1832	1833	1229	1228	1235
330	5	5	1834	1835	1836	1837	1838	1839
331	1	1	1837	1840	1841	1842	1843	1844	1394	1393	1392	1845	1846	1847	1848	1849	1850	1851	1852	1853	1854	1855	1856	1857	1858	1859	1839	1838
332	5	5	1860	1861	1862	1863	1864	1865	1379	1378	1377	1842	1841	1840	1837	1836
333	1	1	1866	1867	1868	1869	1870	1871	1872	1873	1874	1875	1876	1877	1878	1879	1880	1881	1882	1883	1884	1885	1861	1860	1836	1835
334	5	5	1866	1835	1834
335	5	5	1859	1867	1866	1834	1839
336	5	5	1589	1588	1886	235	234	239
337	5	5	244	1581	1580	1589	239	238
338	4	4	19	18	1887	1888	1889	1890	10	9	8	14	13
339	5	5	8	7	14
340	3	3	117	128	134	133	1891	1892	1893	1894	1895	1896	1897	1898	1899	1900	1901	1902	119	118
341	4	4	125	1903	1904	1905	1906	1907	112	111	110	114	126
342	5	5	1908	1909	1910	1911	1912	1913	1903	125	124
343	4	4	122	121	120	1914	1915	1916	1917	1910	1909	1908	124	123
344	5	5	1902	1901	1915	1914	120	119
345	5	5	1899	1898	1918	1919	1920
346	5	5	1921	1912	1911	1920	1919
347	5	5	1922	1923	1924	1925	1921	1919	1918
348	5	5	1897	1896	1926	1922	1918	1898
349	5	5	1911	1910	1917	1916	1915	1901	1900	1899	1920
350	5	5	1927	1928	1929	1930	1931
351	5	5	1932	1933	1934	1935	1936	1931	1930
352	5	5	1937	1938	1932	1930	1929
353	2	2	1927	1939	1940	1941	1942	1943	1944	1945	1946	1947	1948	1949	1950	1951	1952	1953	1954	1955	1956	1957	1937	1929	1928
354	5	5	1936	1958	1959	1960	1961	1940	1939	1927	1931
355	5	5	1962	1963	1964	1965	1966	1967	1968
356	5	5	1969	1970	1971	1968	1967
357	4	4	1965	1972	1973	1974	1975	1976	1977	1978	1979	1980	1981	1982	1983	1970	1969	1967	1966
358	5	5	1984	1972	1965	1964
359	5	5	1985	1986	1984	1964	1963
360	5	5	1987	1988	1989	1985	1963	1962
361	5	5	1971	1990	1991	1987	1962	1968
362	5	5	1992	1993	1994	1995	1996
363	4	4	1994	1997	1998	1999	2000	2001	2002	2003	2004	2005	1996	1995
364	5	5	2006	2007	2008	2009	2010	2011	2012	2013	2014	2015	2016	1999	1998	1997	1994	1993
365	2	2	2017	2018	2019	2020	2021	230	229	228	2022	2023	2024	2025	2026	2027	2028	2029	2007	2006	1993	1992
366	5	5	2005	2004	2030	2017	1992	1996
367	5	5	2031	2032	2033	2034	2035	2036	2037	2038	2039	2040
368	5	5	2041	2042	2040	2039
369	5	5	2043	2044	2045	2046	2041	2039	2038
370	5	5	2047	2048	2049	2050	2051	2052	2053	2043	2038	2037
371	5	5	2054	2047	2037	2036
372	4	4	2034	2033	2055	2056	2057	2058	2059	2060	2061	2062	2049	2048	2047	2054	2036	2035
373	5	5	2063	2064	2056	2055	2033	2032
374	5	5	2065	2066	2067	2063	2032	2031
375	5	5	2040	2068	1454	1453	1452	2069	2065	2031
376	5	5	2070	2071	2072	2073	2074	2075	2076	2077
377	4	4	2075	2078	2079	2080	2081	2082	2083	2077	2076
378	5	5	2084	2085	2086	2087	2088	2079	2078	2075	2074
379	5	5	2089	2090	2091	2092	2084	2074	2073
380	5	5	2093	2094	2095	2096	2097	2098	2099	2089	2073	2072
381	4	4	2070	2100	2101	2102	2103	2104	2105	2106	2107	2108	2094	2093	2072	2071
382	5	5	2083	2082	2109	2110	2111	2112	2101	2100	2070	2077
383	5	5	2113	2114	2115	2116	2117
384	5	5	2118	2119	2120	2121	2122	2117	2116
385	5	5	2123	2124	2118	2116	2115
386	3	3	2113	2125	2126	2127	2128	2129	2130	2131	2132	2133	2134	2135	2136	2137	2138	2139	2140	2141	2142	2143	2144	2145	2146	2147	2123	2115	2114
387	5	5	2122	2148	2149	2150	2126	2125	2113	2117
388	2	2	76	75	2151	2152	2153	2154	2155	2156	2157	2158	2159	2160	2161	2162	2163	68	67	66	70
389	5	5	2164	1830	1829	2165	2166	2167
390	3	3	2165	2168	2169	2170	2171	2172	2173	2174	2175	2176	2177	2178	2179	2180	2181	2182	2167	2166
391	5	5	1828	2183	2184	2185	2186	2187	2188	2168	2165	1829
392	4	4	2189	2190	2191	2192	2193	2194	2195	2196	1824	1823	1822	1831	1830	2164
393	5	5	2182	2181	2180	2197	2191	2190	2189	2164	2167
394	5	5	2198	2199	2200	1108	1107	2201
395	5	5	1106	1105	2202	2203	2201	1107
396	5	5	2204	2205	2206	2207	1110	1109	1108	2200
397	4	4	2198	2208	2209	2210	2211	2212	2213	2214	2215	2216	2205	2204	2200	2199
398	5	5	2203	2217	2218	2209	2208	2198	2201
399	5	5	2219	2220	2221	2217	2203	2202
400	5	5	1104	1103	2222	2219	2202	1105
401	5	5	183	2223	2224	2225	2226	177	176
402	4	4	178	2227	2228	2229	2230	172	171	170	179
403	5	5	2226	2231	2232	2230	2229	2228	2227	178	177
404	2	2	2233	2234	2235	2236	2237	2238	2239	2240	2241	2242	2243	2244	2245	2246	2247	2248	2249	2250	2251	2252	2253	1934	1933	1932	1938
405	5	5	1957	1956	2233	1938	1937
406	5	5	2254	2255	2256	2257	2258	2259
407	5	5	2260	2261	2262	2263	2259	2258
408	5	5	2264	2265	2266	1631	1630	2267	2268	2269	2270	2271	2260	2258	2257
409	5	5	2272	2264	2257	2256
410	5	5	2273	2274	2275	2272	2256	2255
411	5	5	2276	2277	2278	2273	2255	2254
412	5	5	2263	2279	2276	2254	2259
413	5	5	2280	2281	2282	583	582	581	564	563
414	5	5	2283	2284	585	584	583	2282
415	2	2	2280	2285	2016	2015	2014	2013	2286	2287	2288	2289	2290	2291	2292	2293	2284	2283	2282	2281
416	5	5	562	568	2002	2001	2000	1999	2016	2285	2280	563
417	5	5	2294	2295	2296	2297	2298	2299	2300	2301	2302
418	3	3	2300	2303	2304	2305	2306	2307	2308	2309	2310	1712	1711	1710	1720	1719	1718	2311	2312	2302	2301
419	5	5	2313	2314	2315	2316	2317	2304	2303	2300	2299
420	4	4	2297	2318	2319	2320	2321	2322	2314	2313	2299	2298
421	5	5	2323	2324	2325	2326	2327	2319	2318	2297	2296
422	5	5	2328	2329	2330	2331	2323	2296	2295
423	5	5	2332	2333	2328	2295	2294
424	5	5	2312	2311	1264	1263	1262	2332	2294	2302
425	5	5	2334	2335	2336	2337	2338	2339
426	5	5	2340	2341	2339	2338
427	5	5	2342	2343	2340	2338	2337
428	5	5	2344	2345	2346	2342	2337	2336
429	3	3	2334	2347	2348	2349	2350	2351	2352	2353	2354	2355	2356	2357	2358	2359	2345	2344	2336	2335
430	5	5	2341	2360	2361	2362	2363	2364	2348	2347	2334	2339
431	5	5	2340	2343	2365	2366	2360	2341
432	5	5	2367	2368	2369	1990	1971	1970	1983	2350	2349	2348	2364
433	5	5	2370	2367	2364	2363
434	4	4	2361	2371	2372	2373	2374	2375	2376	2369	2368	2367	2370	2363	2362
435	5	5	2366	2104	2103	2102	2101	2112	2377	2378	2379	2380	2381	2372	2371	2361	2360
436	5	5	2382	2383	210	209	2384	2385	2386
437	5	5	2387	2388	2389	2390	2386	2385
438	5	5	2391	2392	2393	2394	2395	2396	2387	2385	2384
439	5	5	208	2391	2384	209
440	5	5	2397	2398	2399	211	210	2383
441	5	5	2400	2401	2402	2397	2383	2382
442	5	5	2390	2403	2404	2405	2406	2407	2400	2382	2386
443	5	5	2408	2409	1913	1912	1921	1925
444	5	5	1905	1904	1903	1913	2409
445	5	5	2410	105	104	1906	1905	2409	2408
446	5	5	1924	2411	2412	2410	2408	1925
447	5	5	2413	1252	1231	1230
448	5	5	2414	2415	2416	2417	2418	1248	1247	1252	2413
449	5	5	1229	1833	2419	2420	2421	2422	2423	2424	2414	2413	1230
450	5	5	1623	1622	1621	1620	2425	2426	2427	2428	2429
451	5	5	2430	2431	2432	2433	2434	2435	2436	2437	2438	2439	2440	2441	2429	2428
452	2	2	2426	2442	2443	2444	2424	2423	2422	2445	2432	2431	2430	2428	2427
453	5	5	2446	2447	2448	2449	2450	2451	2443	2442	2426	2425
454	5	5	1619	1618	2452	2453	2446	2425	1620
455	5	5	2441	2454	2455	2456	2457	1636	1625	1624	1623	2429
456	5	5	2458	1673	1550	1535	1534	2459
457	5	5	1533	2460	2461	2462	2463	2464	2459	1534
458	2	2	2465	2466	2463	2462	2461	2467	2468	2469	2470	2471	2472	2473	2474	2475	2476	2477	2478	2479	2480	2481	2482	2483	1675	1674	1673	2458
459	5	5	2464	2465	2458	2459
460	5	5	2306	2305	2304	2317	2484	2485
461	2	2	2317	2316	2315	2486	2487	2488	2489	2490	2491	2492	2493	2494	2485	2484
462	5	5	2494	1518	1517	1516	1515	1514	2495	2496	2497	2498	2499	2500	2501	2308	2307	2306	2485
463	5	5	2502	2503	2504	2505	2506	2507	2508	2509	2510	2511
464	5	5	2512	2513	2511	2510
465	5	5	2514	299	298	2515	2512	2510	2509
466	3	3	2516	2517	2518	291	290	289	295	300	299	2514	2509	2508
467	5	5	2519	2520	2521	1289	1288	1287	2522	2518	2517	2516	2508	2507
468	5	5	2523	2524	2525	2526	2527	2528	2529	1334	1333	1345	1344	2530	2531	2532	2519	2507	2506
469	4	4	2504	2503	2502	2533	2526	2525	2524	2523	2506	2505
470	5	5	2513	2534	2535	2536	2537	2538	2527	2526	2533	2502	2511
471	5	5	2539	2540	2541	1608	1607	1606	1627	1632
472	5	5	2266	2542	2539	1632	1631
473	4	4	1628	1635	1634	2457	2456	2455	2454	2543	2544	2270	2269	2268	2267	1630	1629
474	3	3	394	2545	2546	2547	389	388	387	395
475	5	5	402	2548	2549	2550	2551	2546	2545	394	393
476	5	5	1116	1115	1114	2552	1077	1076	1075	1094
477	5	5	1117	1116	1094	1093
478	5	5	2293	2292	2291	2553	2554	2555	2556	2557	2558	2559	2560	2561	2562	2563	2564	588	587	586	585	2284
479	5	5	2565	2566	2567	2568	2569	2570
480	5	5	2571	2572	2059	2058	2570	2569
481	5	5	2573	2574	2575	2576	2577	2578	2579	2580	2571	2569	2568
482	5	5	2581	2582	2583	2584	2585	2586	2587	2588	2589	2590	2591	2592	2573	2568	2567
483	4	4	2565	2593	2064	2063	2067	2066	2594	2595	2596	2597	2598	2582	2581	2567	2566
484	5	5	2058	2057	2056	2064	2593	2565	2570
485	5	5	2163	62	61	68
486	5	5	1114	1113	2599	2600	2601	2552
487	5	5	2602	1079	1078	1077	2552	2601
488	5	5	2603	2604	2605	2606	2602	2601	2600
489	5	5	2607	2608	2609	2610	2603	2600	2599
490	5	5	1112	1111	1110	2207	2611	2612	2613	2607	2599	1113
491	5	5	2614	2615	2616	2617	2618	2619	2620	2621	2622
492	5	5	2623	2624	1166	1165	1164	2625	2626	2627	2622	2621
493	4	4	2619	2628	2629	2630	2631	2632	2624	2623	2621	2620
494	5	5	2633	2634	2635	2636	2637	2638	2629	2628	2619	2618
495	5	5	2639	2640	2641	2633	2618	2617
496	3	3	2615	2614	2642	2643	2644	2645	2646	2647	2648	2649	2650	2639	2617	2616
497	5	5	2627	2651	2652	2642	2614	2622
498	5	5	546	545	2653	2654	2655	2656
499	5	5	2657	2381	2380	2658	2656	2655
500	5	5	2659	2660	2376	2375	2374	2657	2655	2654
501	5	5	2661	2659	2654	2653
502	5	5	544	543	1989	1988	2661	2653	545
503	5	5	2658	2662	2663	2664	2665	2666	2667	2668	2669	534	533	548	547	546	2656
504	5	5	2670	2671	2672	688	687	686	2673	2674	1033	1032	1031
505	5	5	2675	2676	150	149	1033	2674
506	5	5	2677	2678	2679	2680	2675	2674	2673
507	5	5	685	684	2681	2677	2673	686
508	5	5	689	688	2672
509	5	5	2682	2683	691	690	689	2672	2671
510	5	5	1047	1046	1045	1044	2682	2671	2670
511	5	5	1030	1029	1035	1047	2670	1031
512	5	5	2684	2685	2686
513	5	5	2687	2688	2689	2690	2691	2692	2693	2686	2685
514	5	5	2694	2687	2685	2684
515	5	5	2693	2695	2696	2697	2698	2694	2684	2686
516	5	5	2699	657	656	655	654	2700	2701	2702
517	5	5	1042	1041	1040	2703	2704	2705	2706	2702	2701
518	5	5	2683	2682	1044	1043	1042	2701	2700
519	5	5	653	652	672	691	2683	2700	654
520	5	5	2707	2708	2709	2710	2711	2712	2713	659	658	657	2699
521	5	5	2706	2707	2699	2702
522	5	5	2714	2715	2716	2717	2718	2719
523	2	2	2717	2720	2721	2722	2723	2724	2725	2726	2727	2728	2729	2730	2731	2719	2718
524	5	5	2732	2733	2734	2721	2720	2717	2716
525	5	5	2735	2736	2737	2738	2732	2716	2715
526	4	4	2739	1311	1310	1309	1319	1318	2740	2741	2736	2735	2715	2714
527	5	5	2731	2730	2742	2743	1312	1311	2739	2714	2719
528	5	5	2004	2003	2002	2744	2745	2030
529	5	5	2746	2019	2018	2017	2030	2745
530	5	5	2747	2748	2749	2746	2745	2744
531	5	5	568	567	2747	2744	2002
532	5	5	2750	2751	2752	676	675	2753
533	5	5	674	673	693	2754	2753	675
534	5	5	2755	2756	679	678	677	676	2752
535	5	5	2757	2758	2759	2760	2755	2752	2751
536	3	3	2761	2762	2763	2764	2765	2766	2767	2768	2769	2770	2771	2772	2773	2774	2775	2776	2777	2778	2779	2780	2758	2757	2751	2750
537	5	5	2754	2781	2782	2783	2763	2762	2761	2750	2753
538	5	5	2784	2785	2786	2787	2788	2789	2790
539	5	5	2791	2792	438	437	2793	2794	2795	2790	2789
540	5	5	2796	2797	2798	2791	2789	2788
541	5	5	2799	2800	2801	2802	2803	2796	2788	2787
542	5	5	2799	2787	2786
543	3	3	2784	2804	2805	463	462	461	2806	2807	2808	2809	2810	2811	2812	2813	2814	2815	2816	2801	2800	2799	2786	2785
544	5	5	2795	2817	2818	2819	2820	2821	2805	2804	2784	2790
545	5	5	2822	2823	2824	2042	2041	2046
546	5	5	2825	2826	2827	2068	2040	2042	2824
547	2	2	2822	2828	2689	2688	2687	2694	2698	2829	2830	2831	2832	2833	2834	2835	1769	1768	1767	2826	2825	2824	2823
548	5	5	2045	2836	2837	2838	2839	2690	2689	2828	2822	2046
549	5	5	2840	2841	2842	2843	2844
550	5	5	2845	2846	2847	2848	2849	2850	2851	2844	2843
551	5	5	2852	2853	2809	2808	2807	2854	2855	2856	2845	2843	2842
552	2	2	2840	2857	2858	2859	2860	2861	2862	2863	2864	2865	2866	2867	2868	2869	2870	2871	2872	2873	2853	2852	2842	2841
553	5	5	2851	2874	2875	2858	2857	2840	2844
554	3	3	2876	2877	2878	2879	2880	2881	2882	724	723	722	2883	487	486	485	491	494	493	504
555	5	5	2876	504	503
556	5	5	2884	2885	2886	1877	1876	1875	2887	2888	2889	2890	2891	2892	2880	2879	2878	2877	2876	503	502
557	2	2	500	499	2893	2894	2895	2896	2897	2898	2885	2884	502	501
558	5	5	2899	2900	2901	2902	2903	2904	2895	2894	2893	499	498
559	3	3	496	3	2	1	0	11	2905	2900	2899	498	497
560	5	5	2906	2907	2908	2909	797	796	795	2910	2911
561	5	5	1952	1951	1950	2912	2913	2911	2910
562	5	5	794	793	1954	1953	1952	2910	795
563	5	5	2914	799	798	797	2909
564	4	4	2907	2906	2915	2916	2917	2918	2919	2920	2921	2922	2923	2914	2909	2908
565	5	5	2913	2924	2916	2915	2906	2911
566	5	5	2157	2156	2925
567	5	5	2926	2927	2928	2157	2925
568	5	5	2155	2929	2139	2138	2137	2136	2930	2926	2925	2156
569	5	5	2928	2931	2932	2933	2160	2159	2158	2157
570	4	4	141	2934	2935	2936	132	131	130	136	142
571	5	5	2937	2938	2939	2935	2934	141	140
572	3	3	138	144	155	154	153	2940	2941	2942	2938	2937	140	139
573	5	5	2943	2944	2945	2946	2947	2948	2949
574	5	5	2950	2951	2952	2953	2954	2955	2956	2957	2958	2959	2960	2961	2962	2949	2948
575	4	4	2946	2963	2964	2965	2966	2967	2968	2969	2970	2971	2951	2950	2948	2947
576	5	5	2972	2973	2974	2975	2964	2963	2946	2945
577	4	4	2943	2976	2977	2978	2979	2980	2981	2982	2973	2972	2945	2944
578	5	5	2962	2983	2984	2977	2976	2943	2949
579	3	3	411	410	417	416	2985	2986	2987	2988	2989	2990	2991	406	405	404	408
580	5	5	2605	2992	2993	2994	1083	1082	1081	2606
581	5	5	1080	1079	2602	2606	1081
582	5	5	2995	2996	2997	2998	2999	1085	1084	1083	2994
583	5	5	3000	3001	3002	3003	2995	2994	2993
584	3	3	2605	2604	2603	2610	2609	3004	3005	3006	3007	3008	3009	3010	3011	3012	3013	3014	3015	3002	3001	3000	2993	2992
585	5	5	1429	1428	1821	3016
586	5	5	1811	1810	1809	3017	3016	1821
587	5	5	3017	3018	3019	3020	1431	1430	1429	3016
588	5	5	3021	3022	3023	3024
589	5	5	3025	3026	3027	3028	2839	2838	3024	3023
590	5	5	3029	3030	3025	3023	3022
591	5	5	3031	3032	3033	3034	3035	3036	3029	3022	3021
592	5	5	2838	2837	3037	3031	3021	3024
593	5	5	3038	3039	3040	3041	3042	3043	3044	3045	3046	3047
594	5	5	3048	3049	3050	3051	3052	1212	1211	1210	1220	3053	3054	3047	3046
595	5	5	3055	3056	3057	3048	3046	3045
596	5	5	3058	3059	3060	3055	3045	3044
597	4	4	3042	3061	3062	3063	3064	3065	3066	3059	3058	3044	3043
598	5	5	3067	3068	3061	3042	3041
599	5	5	3067	3041	3040
600	4	4	3038	3054	3053	1220	1219	1189	1188	1187	1196	1195	1194	3069	3068	3067	3040	3039
601	5	5	3054	3038	3047
602	5	5	2061	2060	2059	2572
603	5	5	2580	2050	2049	2062	2061	2572	2571
604	5	5	3070	2924	2913	2912
605	5	5	3071	1665	1664	1663	3072	2919	2918	2917	2916	2924	3070
606	5	5	1950	1949	3071	3070	2912
607	5	5	3073	3074	3075	3076	3077	3078	3079	1133	1090	1089	1088
608	5	5	3080	3081	1134	1133	3079
609	5	5	3082	3083	3080	3079	3078
610	5	5	1612	1611	1610	3084	3085	3086	3082	3078	3077
611	5	5	3087	3088	3089	3090	3091	3092	1614	1613	1612	3077	3076
612	5	5	3093	3087	3076	3075
613	4	4	3073	3094	3095	2999	2998	2997	2996	3096	3097	3098	3099	3089	3088	3087	3093	3075	3074
614	5	5	1087	3095	3094	3073	1088
615	5	5	3100	3101	3102	3103	3104	3065	3064	3063	3105	3106	3107	3108	3109	3110	3111
616	5	5	3112	3113	3111	3110
617	5	5	3114	3115	3116	3117	3118	3112	3110	3109
618	3	3	3107	3106	3105	3119	1193	1192	1191	1190	1197	616	615	3120	3121	3122	3114	3109	3108
619	5	5	3062	3061	3068	3069	1194	1193	3119	3105	3063
620	5	5	3123	3124	3125	3126	3060	3059	3066	3065	3104
621	5	5	3127	3128	3129	3130	3131	3132	3133	3134	3123	3104	3103
622	2	2	3101	3100	3135	3136	3137	345	344	343	342	341	3138	3139	3140	3141	3127	3103	3102
623	5	5	3113	3142	3143	3144	3145	3136	3135	3100	3111
624	5	5	845	848	3146	844	843
625	2	2	3147	1026	1025	1024	3148	3149	3150	3151	3152	3153	3154	3155	3156	835	834	833	844	3146
626	5	5	847	1027	1026	3147	3146	848
627	5	5	3157	3158	3159	3160
628	5	5	3161	3162	3163	3164	3165	3166	3167	3168	3169	3170	3171	3172	3160	3159
629	5	5	3173	3161	3159	3158
630	5	5	3174	3175	3176	3177	3173	3158	3157
631	5	5	3172	3178	3174	3157	3160
632	5	5	3179	3180	2748	2747	567	566
633	5	5	571	3181	3179	566	565
634	5	5	3182	3183	3184	3185	3186	3187
635	5	5	3188	2221	2220	3189	3190	3187	3186
636	5	5	3191	3192	2213	2212	3193	3188	3186	3185
637	5	5	3194	3195	3191	3185	3184
638	4	4	3182	3196	3197	3198	3199	3200	3201	3202	3203	3204	3195	3194	3184	3183
639	5	5	3190	3205	3206	3197	3196	3182	3187
640	5	5	1750	1749	1748	3207	3208
641	5	5	3209	3210	3211	3212	3213	3214	3208	3207
642	5	5	1747	1746	3215	3216	3217	3218	3219	3220	3209	3207	1748
643	5	5	3214	3221	1733	1732	1751	1750	3208
644	5	5	1019	1018	1017	3222	3223	3224	1642	1641
645	5	5	3225	3226	3227	3228	3229	3230	3231	3232	3233	1436	1435	1643	1642	3224
646	4	4	3222	3234	3235	3236	3227	3226	3225	3224	3223
647	5	5	1016	3237	3238	3239	3240	3241	3235	3234	3222	1017
648	5	5	1640	1644	1020	1019	1641
649	4	4	2675	2680	2679	3242	3243	3244	3245	3246	3247	152	151	150	2676
650	5	5	1266	1265	1264	2311	1718	1717
651	5	5	1267	1266	1717	1268
652	5	5	1730	1729	1271	1270	1716
653	5	5	1599	3248	3249	3250	1584	1583	1593	1592	1591
654	5	5	3251	3252	3253	2026	2025	3254	3255	3256	1585	1584	3250
655	5	5	3257	3258	3251	3250	3249
656	5	5	3259	3260	3261	3262	3257	3249	3248
657	5	5	1598	3263	3264	3259	3248	1599
658	5	5	3265	3266	2460	1533	1532
659	5	5	3267	3268	3269	3270	3271	3265	1532	1531
660	5	5	1538	3272	3267	1531	1530
661	5	5	3273	3274	3275	936	935	934	3276	3277	3238	3237	2734	2733
662	4	4	2738	2737	3278	3279	3280	3275	3274	3273	2733	2732
663	5	5	3237	1016	1015	1014	2723	2722	2721	2734
664	5	5	1248	2418	3281	3282	1249
665	5	5	3283	1250	1249	3282
666	5	5	3284	3285	1462	1461	1460	3283	3282	3281
667	5	5	2417	3286	3284	3281	2418
668	5	5	1791	1790	1789	3287	3288	3289	3290	3291
669	5	5	3292	3293	1327	1326	1325	3291	3290
670	4	4	3288	3294	3295	3296	3297	3298	3299	3300	3293	3292	3290	3289
671	5	5	1788	1787	1786	1799	3301	3302	3303	3295	3294	3288	3287
672	5	5	1788	3287	1789
673	5	5	1325	1324	1323	1339	1683	1682	1681	1793	1792	1791	3291
674	5	5	3304	3305	3306	3307	3308	3309	2557	2556	3310
675	5	5	2555	3311	3312	3310	2556
676	3	3	3308	3313	3314	3315	3316	3317	3318	3319	2561	2560	2559	2558	2557	3309
677	5	5	3320	3314	3313	3308	3307
678	4	4	3305	3321	3322	3323	3324	3325	3326	3327	3328	3329	3330	3331	3320	3307	3306
679	5	5	3332	3333	3334	3323	3322	3321	3305	3304
680	5	5	3312	3335	3336	3332	3304	3310
681	5	5	3337	2678	2677	2681
682	5	5	683	682	3337	2681	684
683	5	5	3338	3339	3340	3341	3342
684	5	5	3343	3344	3345	3346	3342	3341
685	5	5	3347	3348	3343	3341	3340
686	5	5	3349	3350	3351	3347	3340	3339
687	5	5	2475	2474	2473	3334	3333	916	915	914	913	3349	3339	3338
688	5	5	3346	3352	3353	2477	2476	2475	3338	3342
689	5	5	3354	3355	3356	3357	3358
690	5	5	3359	3360	3361	3362	3218	3217	3363	3364	3365	3366	2287	2286	2013	2012	3367	3358	3357
691	5	5	3368	3369	3370	3359	3357	3356
692	5	5	3371	3368	3356	3355
693	5	5	3260	3259	3264	3372	3373	3374	3371	3355	3354
694	5	5	3367	3375	3261	3260	3354	3358
695	5	5	3376	3377	3378	3379	3380	3381	3382	3383	3384	3385
696	5	5	3386	2705	2704	3387	3388	3389	3390	3385	3384
697	5	5	2709	2708	3386	3384	3383
698	5	5	2710	2709	3383	3382
699	5	5	3391	3392	3393	3394	3395	3396	3397	2711	2710	3382	3381
700	5	5	3398	3399	3391	3381	3380
701	5	5	3400	3401	2631	2630	2629	2638	3402	3398	3380	3379
702	4	4	3377	3376	3403	3404	3405	3401	3400	3379	3378
703	5	5	3390	3406	3403	3376	3385
704	5	5	3407	3408	3409	3410	2922	2921	2920	2919	3072
705	5	5	1662	1661	3411	3412	3407	3072	1663
706	5	5	1949	1948	1947	1946	3413	1668	1667	1666	1665	3071
707	5	5	2741	939	938	937	3279	3278	2737	2736
708	5	5	1735	3414	3415	3416	1725	1724	1723	1736
709	5	5	1722	1736	1723
710	5	5	3417	1727	1726	1725	3416
711	5	5	3418	3419	3420	3417	3416	3415
712	5	5	3421	3422	3423	3424	3425	3418	3415	3414
713	3	3	1734	1733	3221	3214	3213	3212	3426	3427	3428	3429	3430	3431	3432	3433	3434	3435	3423	3422	3421	3414	1735
714	5	5	1169	1168	3436	3437	3438	3439
715	4	4	3437	3440	3441	3442	3443	3444	3445	3446	3447	3439	3438
716	5	5	3406	3390	3389	3448	3449	3450	3440	3437	3436
717	5	5	1167	1166	2624	2632	2631	3401	3405	3404	3403	3406	3436	1168
718	5	5	3447	3446	3451	3452	1170	1169	3439
719	5	5	3453	3454	3455	3456	3457	3458	3459
720	5	5	3460	3461	3462	3459	3458
721	5	5	3463	3464	3465	3466	3460	3458	3457
722	5	5	3467	3468	3463	3457	3456
723	5	5	3469	3470	3471	3472	3467	3456	3455
724	2	2	3453	3473	3474	3475	3476	3477	3478	3479	3480	3481	3482	3483	3484	3485	3486	3487	3470	3469	3455	3454
725	5	5	3462	3488	3489	3473	3453	3459
726	5	5	781	780	779	3490	3344	3343	3348
727	5	5	804	803	802	801	3491	3492	3345	3344	3490
728	5	5	778	788	804	3490	779
729	5	5	3347	3351	1552	782	781	3348
730	5	5	2708	2707	2706	2705	3386
731	4	4	3387	3493	3494	3450	3449	3448	3389	3388
732	5	5	2703	3495	3496	3442	3441	3440	3450	3494	3493	3387	2704
733	5	5	258	3497	3498	3499	259
734	3	3	3500	3501	3502	3503	1597	1596	1595	1594	3504	3505	3506	262	261	260	259	3499
735	5	5	3507	3508	3500	3499	3498
736	3	3	258	257	256	264	271	270	3509	3510	3508	3507	3498	3497
737	5	5	3141	3140	3511	3512	3513	3514	3515	3516	3517	3518	3129	3128
738	5	5	3141	3128	3127
739	4	4	3133	3132	3131	3130	3519	3520	3521	3522	3523	3524	3125	3124	3123	3134
740	5	5	3518	3525	3526	3527	3520	3519	3130	3129
741	5	5	3528	3529	3530	3531	2365	2343	2342	2346
742	5	5	2359	2358	3532	3533	3528	2346	2345
743	5	5	3534	3535	3536	3537	3538	3539	3540	3541	3542	3543	1352	1351
744	4	4	1349	3544	3545	3546	3547	3548	3549	3537	3536	3535	3534	1351	1350
745	5	5	3550	3551	3545	3544	1349	1348
746	4	4	1346	3552	1315	1314	1313	1312	2743	2742	3553	3554	3551	3550	1348	1347
747	5	5	1315	3552	1346	1316
748	5	5	3543	2530	1344	1343	1342	1341	1352
749	5	5	3555	3556	3557	3558	3272	1538	1537
750	5	5	3559	3560	3561	3268	3267	3272	3558
751	4	4	3556	3555	3562	3563	3564	3565	3566	3567	3568	3569	3560	3559	3558	3557
752	5	5	1536	1543	189	188	3570	3571	3572	3573	3563	3562	3555	1537
753	5	5	1280	1279	1278	1277	3574	3575	3576	3577	3578	3579	3580	3581	3582	3583	1295
754	3	3	3582	3584	275	274	273	279	286	285	3585	1297	1296	1295	3583
755	5	5	3586	3587	3578	3577	3588	3589	3590	3591	3592	3593	276	275	3584	3582	3581
756	3	3	3579	3578	3587	3586	3581	3580
757	5	5	3594	3588	3577	3576
758	3	3	3574	3595	3596	3597	3598	3599	3420	3419	3418	3425	3424	3600	3590	3589	3588	3594	3576	3575
759	5	5	1276	1275	3596	3595	3574	1277
760	5	5	1218	1217	1216	3601	3602	3603	3604	3605	2589	2588	3606	3607	3608	3609
761	5	5	1807	1806	1207	1206	3609	3608
762	5	5	3018	3017	1809	1808	1807	3608	3607
763	1	1	2588	2587	2586	2585	2584	3610	3611	3612	3613	3614	3615	3616	3617	3618	3020	3019	3018	3607	3606
764	5	5	3619	2590	2589	3605
765	2	2	3603	3602	3620	3621	3622	3623	3624	3625	3626	3627	3628	3629	2592	2591	2590	3619	3605	3604
766	5	5	2975	2974	3621	3620	3602	3601
767	5	5	1215	1214	2966	2965	2964	2975	3601	1216
768	5	5	1206	1205	1218	3609
769	5	5	3630	3631	3632	1851	1850	1849	1848	3633	3634	3635	3636	3637
770	3	3	3635	3634	3638	3639	3640	3641	3642	3643	3644	3645	3646	3647	3648	3649	3650	3651	3652	3653	3654	3655	3656	3637	3636
771	5	5	3657	3658	3659	3660	3661	3662	3663	3639	3638	3634	3633
772	5	5	1847	1846	3664	3665	3666	3667	3668	3669	3657	3633	1848
773	5	5	3670	3671	1853	1852	1851	3632
774	2	2	3630	3672	3673	3674	3675	3676	3677	3678	3679	3680	3681	3682	3683	3684	3685	3671	3670	3632	3631
775	5	5	3656	3655	3672	3630	3637
776	3	3	99	98	97	3686	3687	3688	3689	3690	3691	86	85	84	88
777	5	5	934	933	941	3692	3276
778	2	2	941	940	944	943	3693	3694	1819	1818	1817	1816	3695	3696	3697	3230	3229	3228	3698	3241	3240	3239	3238	3277	3276	3692
779	5	5	3699	2478	2477	3353
780	3	3	3346	3345	3492	3491	3700	3410	3409	3408	3701	3702	3703	3704	3705	3699	3353	3352
781	5	5	1294	1293	3706	3707	3708	2330	2329
782	5	5	2333	1260	1259	1258	1283	1294	2329	2328
783	4	4	3708	3707	3706	3709	3710	3711	3712	2325	2324	2323	2331
784	5	5	3708	2331	2330
785	5	5	3626	3625	3624	3623	3713	3714	3715	3716	3717	3718	3719	3720
786	5	5	3721	3722	3723	3720	3719
787	3	3	3717	3716	3724	3725	3726	3727	3728	3729	3730	3731	3732	3733	3722	3721	3719	3718
788	5	5	3734	3735	3736	3737	3738	3739	3725	3724	3716	3715
789	3	3	3713	3740	3741	3742	3743	3744	3745	3746	3747	3748	3749	3735	3734	3715	3714
790	5	5	3622	3621	2974	2973	2982	2981	3750	3751	3741	3740	3713	3623
791	5	5	3723	3752	3753	3754	3628	3627	3626	3720
792	5	5	3755	3756	2985	416	415
793	2	2	413	419	431	430	429	3757	3758	3759	3034	3033	3760	3761	3762	3763	3756	3755	415	414
794	5	5	2923	2922	3410	3700	3491	801	800	799	2914
795	5	5	3764	3765	3766	1361	1360	3767
796	5	5	1359	1366	3768	2086	2085	3767	1360
797	5	5	3769	3770	1362	1361	3766
798	5	5	3771	3772	3769	3766	3765
799	5	5	2092	2091	3771	3765	3764
800	5	5	2085	2084	2092	3764	3767
801	4	4	2625	3773	3774	3775	3776	3777	2652	2651	2627	2626
802	5	5	1163	1162	1176	1175	3778	3779	3780	3781	3782	1651	1650	3783	3775	3774	3773	2625	1164
803	5	5	2369	2376	2660	1991	1990
804	5	5	2659	2661	1988	1987	1991	2660
805	5	5	2265	3784	3785	3786	3787	2542	2266
806	5	5	3787	2540	2539	2542
807	5	5	3420	3599	3598	1273	1272	1271	1729	1728	1727	3417
808	5	5	2579	3788	3789	3790	2051	2050	2580
809	5	5	2831	2830	2829	2698	2697	2171	2170	2169	3791	3792	3793
810	4	4	3791	3794	3795	2188	2187	2186	3796	3797	3793	3792
811	5	5	2168	2188	3795	3794	3791	2169
812	5	5	2696	3798	2802	2801	2816	2815	2814	2871	2870	2869	2868	3799	2173	2172	2171	2697
813	5	5	3797	3796	2186	2185	3800	3801	3802	2833	2832	2831	3793
814	5	5	3780	3803	3804	3805	1172	1154	1153	3806	3807	3808	1542	1541	1540	1544	1549	3809	3810	3781
815	4	4	3809	1549	1548	1547	1652	1651	3782	3781	3810
816	5	5	3811	193	192	1542	3808
817	3	3	3806	3812	2224	2223	183	182	181	194	193	3811	3808	3807
818	5	5	1152	2225	2224	3812	3806	1153
819	4	4	3804	3803	3780	3779	3778	1175	1174	1173	1172	3805
820	5	5	3813	3814	3815	3816	3817	3818	3819	3820
821	5	5	3821	3822	3823	3824	1388	1387	1386	3820	3819
822	5	5	3825	3826	3827	3828	3829	3830	3831	3821	3819	3818
823	3	3	3816	3832	3833	3834	36	35	34	46	45	3835	3836	3826	3825	3818	3817
824	5	5	3837	3838	38	37	3833	3832	3816	3815
825	5	5	3839	3840	3841	3837	3815	3814
826	5	5	1385	1384	1383	3839	3814	3813
827	5	5	1386	1385	3813	3820
828	5	5	3842	3843	3844	3845	3846	3847
829	5	5	3848	3849	3538	3537	3549	3548	3847	3846
830	5	5	3850	3851	3848	3846	3845
831	5	5	3852	3853	3850	3845	3844
832	5	5	3854	3855	2488	2487	2486	3852	3844	3843
833	3	3	3856	3857	3858	3859	3860	3861	3855	3854	3843	3842
834	5	5	3548	3547	3546	3545	3551	3554	3553	2742	2730	2729	2728	3859	3858	3857	3856	3842	3847
835	3	3	224	223	222	3862	3863	3864	3865	3866	3867	3868	3869	3870	2393	2392	2391	208	207	206	214	217
836	5	5	224	217	216
837	5	5	3871	3872	3873	3874
838	5	5	3875	1102	1101	3876	3877	3874	3873
839	5	5	3878	3879	3875	3873	3872
840	5	5	3880	3881	3878	3872	3871
841	5	5	3877	3882	3883	3880	3871	3874
842	3	3	373	3884	3885	3886	3887	3888	3889	3890	3891	3892	3893	3894	3895	1064	1063	1062	375	374
843	5	5	379	383	3896	3897	3885	3884	373	372
844	5	5	3898	3899	3900	3901	3902	3903	3904
845	5	5	3905	3906	3907	3908	3909	3910	3911	3912	3913	3904	3903
846	4	4	3901	3914	3915	3916	3917	3918	3907	3906	3905	3903	3902
847	5	5	3919	840	839	3920	3921	3915	3914	3901	3900
848	4	4	3898	3922	873	872	842	841	840	3919	3900	3899
849	5	5	3913	3923	3924	851	850	873	3922	3898	3904
850	5	5	3488	3925	1144	1125	1124	3489
851	5	5	1123	1122	1121	1137	3926	3927	3928	3929	3476	3475	3474	3473	3489	1124
852	4	4	3488	3462	3461	3460	3466	3930	3931	3932	3933	3934	1146	1145	1144	3925
853	5	5	3121	3120	615	614	621	620	619	3935	3936
854	5	5	3937	3938	3939	3940	3941	3942	3943	3944	3945	3946	3947	3936	3935
855	5	5	618	3948	3937	3935	619
856	5	5	3947	3949	3950	3115	3114	3122	3121	3936
857	5	5	3786	2541	2540	3787
858	5	5	3951	3952	3953	3954	3955	2150	2149
859	3	3	2122	2121	2120	3956	3957	3958	3959	3960	3961	3962	3963	3964	3965	3966	3967	3968	3969	3970	3952	3951	2149	2148
860	5	5	3955	3971	3972	3973	3974	2127	2126	2150
861	5	5	3975	3976	3977	3867	3866	3865	3180	3179	3181	3978
862	5	5	571	570	3979	3980	3981	3982	3983	3978	3181
863	5	5	3864	3863	3984	2749	2748	3180	3865
864	5	5	3985	2395	2394	3869	3868	3867	3977
865	4	4	3975	3986	3983	3982	3981	3987	2389	2388	2387	2396	2395	3985	3977	3976
866	5	5	3983	3986	3975	3978
867	5	5	995	994	993	870	869	868
868	5	5	992	1027	847	846	871	870	993
869	5	5	867	3988	996	995	868
870	5	5	3989	3990	3991	3690	3689	3688	3687	3992
871	5	5	3686	97	96	3993	3994	3995	3992	3687
872	5	5	3996	3997	3998	3999	81	80	86	3691	3690	3991
873	4	4	3989	4000	4001	4002	4003	4004	4005	4006	3997	3996	3991	3990
874	5	5	3995	4007	4008	4009	4010	4011	4012	4013	4000	3989	3992
875	5	5	4014	4015	3189	2220	2219	2222
876	5	5	1102	3875	3879	4014	2222	1103
877	5	5	3193	2212	2211	2210	2209	2218
878	5	5	2221	3188	3193	2218	2217
879	5	5	357	356	362
880	5	5	4016	4017	3851	3850	3853	2321	2320	2319	2327
881	5	5	4018	4019	3540	3539	4020	4016	2327	2326
882	5	5	3712	3711	4021	4022	4018	2326	2325
883	5	5	897	896	1522	898
884	5	5	1506	1505	902	901	900	1507
885	4	4	3056	4023	4024	4025	4026	2956	2955	2954	4027	3050	3049	3048	3057
886	5	5	3060	3126	635	634	4028	4029	4030	4025	4024	4023	3056	3055
887	5	5	4031	4032	4033	4034	4035	4036	4037	4038
888	5	5	4039	4040	4041	4042	4038	4037
889	5	5	4043	4044	4045	1471	1470	4046	4047	4048	4039	4037	4036
890	5	5	4043	4036	4035
891	5	5	4049	4044	4043	4035	4034
892	5	5	4050	4051	3613	3612	3611	4052	4053	4054	4049	4034	4033
893	4	4	4031	4055	4056	4057	4058	4059	4060	4061	4051	4050	4033	4032
894	5	5	4042	4062	4056	4055	4031	4038
895	5	5	4063	4064	4065	4066
896	1	1	2613	2612	2611	2207	2206	4067	4068	4069	4070	4071	4072	1960	1959	1958	4073	4066	4065
897	5	5	4074	2608	2607	2613	4065	4064
898	5	5	4075	4076	4074	4064	4063
899	5	5	4073	1958	1936	1935	4077	4078	4079	4075	4063	4066
900	5	5	3151	3150	3149	977	976	975	4080	4081	4082	4083
901	4	4	4081	4080	4084	4085	4086	4087	4088	4089	4041	4040	4039	4048	4047	4046	4090	4091	4092	4093	4094	4083	4082
902	5	5	974	973	4095	4085	4084	4080	975
903	5	5	3148	1024	979	978	977	3149
904	5	5	4094	4096	4097	3153	3152	3151	4083
905	5	5	3503	3502	3432	3431	3430	3263	1598	1597
906	5	5	1573	1572	4098	3505	3504	1594	1574
907	3	3	2398	4099	4100	4101	4102	4103	4104	4105	201	200	199	204	212	211	2399
908	5	5	2402	4106	4107	3569	3568	3567	4100	4099	2398	2397
909	5	5	4108	4109	4110	4111	4112
910	4	4	4113	3211	3210	3209	3220	3219	3361	3360	3359	3370	3369	4114	4115	4112	4111
911	5	5	3426	3212	3211	4113	4111	4110
912	5	5	4116	3428	3427	3426	4110	4109
913	5	5	3373	3372	4116	4109	4108
914	5	5	4115	3374	3373	4108	4112
915	5	5	3645	3644	3643	4117	4118
916	5	5	4119	4120	4121	4122	4118	4117
917	5	5	3642	3641	3640	4123	2193	2192	4119	4117	3643
918	5	5	4122	3646	3645	4118
919	5	5	3478	3477	3476	3929	4124	4125	4126	4127	4128	4129	3785	3784	2275	2274	4130
920	5	5	2273	2278	4131	3532	2358	2357	2356	2355	4130	2274
921	5	5	2265	2264	2272	2275	3784
922	5	5	3084	1610	1609	1608	2541	3786	3785	4129
923	5	5	4132	4133	3085	3084	4129	4128
924	5	5	4134	4132	4128	4127
925	3	3	4125	4124	4135	3928	3927	3926	4136	1136	1135	1134	3081	3080	3083	3082	3086	3085	4133	4132	4134	4127	4126
926	5	5	3928	4135	4124	3929
927	5	5	2355	2354	2353	3480	3479	3478	4130
928	5	5	2416	4137	3286	2417
929	5	5	4138	4139	4140	3285	3284	3286	4137
930	5	5	2415	4141	4142	4143	4138	4137	2416
931	5	5	2695	2693	2692	4144	4145	4146	4147	4148
932	5	5	4149	4150	2803	2802	3798	4148	4147
933	4	4	4145	4151	428	427	426	425	4150	4149	4147	4146
934	5	5	4152	3757	429	428	4151	4145	4144
935	5	5	2691	3028	3027	4153	4154	4155	4156	4152	4144	2692
936	5	5	3798	2696	2695	4148
937	5	5	1394	1844	1375	1374
938	5	5	1843	1842	1377	1376	1375	1844
939	5	5	4157	4158	3647	3646	4122	4121
940	5	5	2197	2180	2179	2178	4159	4157	4121	4120
941	5	5	2192	2191	2197	4120	4119
942	2	2	3592	3591	4160	4161	4162	268	267	266	277	276	3593
943	5	5	3600	3424	3423	3435	3434	4161	4160	3591	3590
944	5	5	3465	3464	4163	4164
945	5	5	4165	3163	3162	4166	4167	3934	3933	3932	3931	4164	4163
946	2	2	3463	3468	3467	3472	3471	4168	4169	4170	4171	4172	4173	3165	3164	3163	4165	4163	3464
947	5	5	3931	3930	3466	3465	4164
948	5	5	1858	1857	1869	1868	1867	1859
949	5	5	3882	3175	3174	3178	4174	4175	3883
950	5	5	4176	4177	3881	3880	3883	4175
951	3	3	3178	3172	3171	3170	4178	4179	4180	4181	4182	4183	4184	4185	4186	4187	4188	4189	4177	4176	4175	4174
952	5	5	3877	3876	4190	4191	3176	3175	3882
953	5	5	1151	1159	2231	2226	2225	1152
954	5	5	1158	1053	1052	1051	2232	2231	1159
955	5	5	3892	3891	3890	4192	4193	645	644
956	5	5	640	639	645	4193
957	5	5	4194	4195	641	640	4193	4192
958	5	5	3889	3888	4196	4197	4194	4192	3890
959	5	5	643	631	630	4198	4199	4200	4201	3894	3893	3892	644
960	5	5	4202	1892	1891	133	132	2936	2935	2939
961	5	5	2942	4203	4204	4205	4206	4202	2939	2938
962	5	5	2544	2543	2454	2441	2440	4207	4208	4209	4210	2271	2270
963	4	4	4209	4211	4212	4213	2262	2261	2260	2271	4210
964	5	5	4214	4215	4216	4217	4218	4219	4220	4221	2279	2263	2262	4213	4212	4211	4209	4208
965	3	3	2440	2439	2438	2437	2436	4222	4223	4224	4225	4226	4227	4215	4214	4208	4207
966	5	5	36	3834	3833	37
967	3	3	3837	3841	3840	4228	4229	1865	1864	1863	1862	4230	26	25	24	30	32	39	38	3838
968	5	5	4231	4232	4233	4234	4235
969	5	5	4236	4237	4238	4239	4240	4235	4234
970	5	5	4241	4236	4234	4233
971	2	2	4231	4242	4243	4244	4245	4246	4247	3397	3396	3395	3394	4248	4249	4250	4251	4252	4253	3206	3205	4254	4255	4256	4237	4236	4241	4233	4232
972	5	5	4240	4257	4258	4259	4260	4261	4243	4242	4231	4235
973	5	5	1382	1381	4229	4228	3840	3839	1383
974	5	5	954	953	952	4262	4263	3301	1799
975	2	2	4262	4264	3142	4265	3943	3942	3941	4266	4267	3303	3302	3301	4263
976	5	5	951	332	331	4268	3143	3142	4264	4262	952
977	5	5	4269	4270	4271	4272	4273	2781	2754	693	692
978	5	5	668	667	666	4274	4269	692	669
979	4	4	3668	3667	4275	4276	3659	3658	3657	3669
980	5	5	4277	4278	4279	4280	4281	4282	4283	3660	3659	4276	4275	3667	3666
981	3	3	3664	4284	1391	1390	4285	4286	4287	4288	4289	4290	4291	4292	4278	4277	3666	3665
982	5	5	1845	1392	1391	4284	3664	1846
983	5	5	2727	2726	4293	4294	4295	4296	4297	2490	2489	2488	3855	3861	3860	3859	2728
984	5	5	1875	1874	1873	1872	3684	3683	3682	4298	2887
985	5	5	4299	4300	4301	2888	2887	4298
986	5	5	3681	3680	4299	4298	3682
987	5	5	1871	1870	1855	1854	1853	3671	3685	3684	1872
988	5	5	2783	4302	4303	2765	2764	2763
989	5	5	4304	2767	2766	2765	4303
990	2	2	2783	2782	2781	4273	4272	4271	4305	4306	4307	4308	4309	4310	4311	4312	4313	4314	4315	4316	4009	4008	4007	4317	4318	4319	4320	4304	4303	4302
991	5	5	4321	4322	4323	1477	1476	4140	4139
992	5	5	1475	1464	1463	1462	3285	4140	1476
993	5	5	4324	4325	4326	4327	1473	1472	1477	4323
994	4	4	4321	4143	4142	4141	4328	4329	4330	2451	2450	2449	4331	4326	4325	4324	4323	4322
995	5	5	4138	4143	4321	4139
996	5	5	4090	4046	1470	1469
997	5	5	1474	4332	4092	4091	4090	1469	1468
998	5	5	4045	4333	4334	4335	1449	1448	1447	1471
999	5	5	3997	4006	4005	4004	4336	4337	4338	4339	4340	3998
1000	3	3	4341	4342	4343	4344	4345	74	73	72	78	82	81	3999	3998	4340
1001	5	5	4346	4347	4348	4342	4341	4340	4339
1002	4	4	4337	4336	4349	4350	4351	4352	4353	4354	4355	4356	4347	4346	4339	4338
1003	5	5	4003	4002	4357	4358	4350	4349	4336	4004
1004	5	5	4359	4360	3679	3678	3677	4361
1005	5	5	3676	3675	4362	4363	4364	4365	4366	4367	4361	3677
1006	5	5	4300	4299	3680	3679	4360
1007	3	3	4366	4365	4364	4368	4369	4370	4371	4372	2891	2890	2889	2888	4301	4300	4360	4359
1008	5	5	4367	4366	4359	4361
1009	5	5	1287	293	292	2522
1010	5	5	291	2518	2522	292
1011	5	5	1286	1285	1297	3585	285	284
1012	5	5	1038	1037	1036	1049	1059	1058	3496	3495
1013	5	5	1040	1039	1038	3495	2703
1014	5	5	1058	1057	1056	3444	3443	3442	3496
1015	5	5	3863	3862	222	221	4373	4374	3984
1016	5	5	4375	4376	2020	2019	2746	2749	3984	4374
1017	3	3	221	220	219	232	231	4377	4378	4376	4375	4374	4373
1018	3	3	3367	2012	2011	2010	2009	2008	4379	4380	4381	4382	4383	3253	3252	3251	3258	3257	3262	3261	3375
1019	5	5	4384	4385	711	710	709	4386	4387
1020	5	5	4388	4389	4390	4370	4369	4368	4391	4387	4386
1021	5	5	708	707	4392	4388	4386	709
1022	5	5	737	736	735	713	712	711	4385
1023	4	4	4393	4394	4395	4396	4397	4398	4399	741	740	739	738	737	4385	4384
1024	5	5	4391	4400	4396	4395	4394	4393	4384	4387
1025	5	5	2898	2897	4401	1880	1879	1878	2886	2885
1026	5	5	717	716	2881	2880	2892
1027	5	5	4372	4390	4389	4402	718	717	2892	2891
1028	5	5	1878	1877	2886
1029	5	5	3203	3202	4403	4404	4405
1030	4	4	4403	4406	4407	4408	4409	4410	4411	4412	4413	4414	4415	4416	4417	4418	4405	4404
1031	5	5	3201	3200	4419	4420	4421	4407	4406	4403	3202
1032	5	5	4418	4417	3192	3191	3195	3204	3203	4405
1033	5	5	2979	2978	2977	2984	4422	4423	3743	3742	3741	3751
1034	5	5	2981	2980	2979	3751	3750
1035	5	5	4424	4425	4353	4352	4351	4350	4358
1036	5	5	2119	2118	2124	4355	4354	4353	4425
1037	5	5	3956	2120	2119	4425	4424
1038	5	5	4357	3957	3956	4424	4358
1039	4	4	3268	3561	4107	4106	2402	2401	2400	2407	2406	2405	4426	4427	4428	4429	3270	3269
1040	5	5	4430	4431	4432	3266	3265	3271
1041	5	5	4429	4428	4433	4434	4435	4430	3271	3270
1042	4	4	3029	3036	3035	4436	4437	4156	4155	4154	4153	3027	3026	3025	3030
1043	4	4	579	578	577	4438	4439	3980	3979	570	569
1044	3	3	1366	1365	1364	1372	4440	4441	4442	4443	4444	536	535	534	2669	2668	4445	2088	2087	2086	3768
1045	5	5	2595	2594	2066	2065	2069
1046	5	5	1451	4446	4447	4448	4449	4052	3611	3610	2584	2583	2598	2597	2596	2595	2069	1452
1047	5	5	2827	1775	1774	1773	1778	1456	1455	1454	2068
1048	5	5	3446	3445	3444	1056	1055	1054	3451
1049	5	5	1053	1158	1157	3452	3451	1054
1050	5	5	3300	3299	4450	4451	4452	4453	4454	4455	1328	1327	3293
1051	5	5	1503	1502	1501	818	817
1052	5	5	1500	1499	2240	2239	820	819	818	1501
1053	5	5	816	815	825	904	903	902	1505	1504	1503	817
1054	5	5	3615	3614	3613	4051	4061	4060
1055	5	5	4059	4058	4456	4457	4458	4459	4460	3616	3615	4060
1056	5	5	1440	4461	1421	1420
1057	5	5	4462	4463	4464	1422	1421	4461
1058	4	4	1439	1438	4465	4466	3233	3232	3231	4467	4463	4462	4461	1440
1059	5	5	4247	4246	4245	4468	4469	4470	2713	2712
1060	5	5	4471	4472	660	659	2713	4470
1061	5	5	4473	4474	4475	4471	4470	4469
1062	5	5	4476	4477	4478	4473	4469	4468
1063	5	5	4244	4261	4260	4476	4468	4245
1064	5	5	2711	3397	4247	2712
1065	5	5	4479	1498	1497	2246	2245	2244
1066	5	5	1496	2247	2246	1497
1067	5	5	2242	2241	2240	1499	1498	4479
1068	5	5	2243	2242	4479	2244
1069	5	5	3561	3560	3569	4107
1070	5	5	3566	3565	4480	4101	4100	3567
1071	5	5	4481	4482	4483	4484	4485
1072	5	5	606	605	4486	4485	4484
1073	5	5	4487	3948	618	600	599	606	4484	4483
1074	3	3	4488	4489	4490	4491	4492	4493	4494	4495	4496	3940	3939	3938	3937	3948	4487	4483	4482
1075	5	5	3694	3693	943	942	947	4489	4488	4482	4481
1076	5	5	4486	1820	1819	3694	4481	4485
1077	5	5	1960	4072	1942	1941	1940	1961
1078	5	5	306	2515	298	297
1079	5	5	305	2534	2513	2512	2515	306
1080	5	5	4497	4498	4499	4500
1081	5	5	4501	4502	4503	4504	4505	4506	4507	4500	4499
1082	4	4	4508	4509	4510	4511	4512	4513	4514	4515	4516	4502	4501	4499	4498
1083	5	5	4517	4518	4519	4477	4476	4260	4259	4520	4521	4522	4523	4524	4509	4508	4498	4497
1084	5	5	4507	4525	4517	4497	4500
1085	5	5	4526	2452	1618	1617	1616	4527
1086	5	5	1615	1614	3092	4528	4527	1616
1087	3	3	4529	4530	4531	4532	4533	4534	4535	4536	2448	2447	2446	2453	2452	4526
1088	5	5	4528	4537	4538	4530	4529	4526	4527
1089	5	5	3972	4539	4540	2132	2131	2130	3973
1090	5	5	2129	2128	3974	3973	2130
1091	5	5	4541	2134	2133	2132	4540
1092	1	1	3972	3971	3955	3954	3953	4542	4543	4544	4545	4546	4547	4548	4549	4550	4551	4552	4553	4554	4555	4556	4557	4558	4559	4560	4541	4540	4539
1093	5	5	2897	2896	2895	2904	4561	4562	4401
1094	5	5	4563	4564	1882	1881	1880	4401	4562
1095	3	3	2904	2903	2902	4565	4566	4567	17	16	22	21	28	27	4568	4569	4570	4564	4563	4562	4561
1096	5	5	4571	4572	4344	4343	4342	4348
1097	5	5	4356	4355	2124	2123	2147	4571	4348	4347
1098	5	5	2865	2864	2863	4573	3648	3647	4158	4574
1099	5	5	4157	4159	4575	4574	4158
1100	5	5	4576	3651	3650	3649	3648	4573
1101	5	5	2862	2861	4577	4576	4573	2863
1102	5	5	4575	2177	2176	2175	2867	2866	2865	4574
1103	5	5	4578	4579	4580	4581	3311	2555	2554
1104	5	5	3335	3312	3311	4581
1105	5	5	4582	4583	4584	4585	3336	3335	4581	4580
1106	5	5	4582	4580	4579
1107	4	4	4586	4587	4588	4589	4590	4591	4592	4584	4583	4582	4579	4578
1108	5	5	2553	4593	4594	4595	4588	4587	4586	4578	2554
1109	5	5	4596	4597	3015	3014	3013	4598
1110	5	5	3012	3011	4599	4600	4598	3013
1111	5	5	4601	4602	3910	3909	3003	3002	3015	4597
1112	4	4	4603	3924	3923	3913	3912	3911	3910	4602	4601	4597	4596
1113	5	5	4600	853	852	851	3924	4603	4596	4598
1114	5	5	2648	2647	2646	4604	4605	4606	4607
1115	4	4	4605	4608	4609	4610	4611	4612	4613	4614	4607	4606
1116	5	5	3413	1946	1945	4608	4605	4604
1117	5	5	2645	2644	1670	1669	1668	3413	4604	2646
1118	5	5	4614	4613	4615	4616	4617	4618	4619	4620	2640	2639	2650	2649	2648	4607
1119	5	5	2098	4621	4622	2099
1120	5	5	4623	4624	2090	2089	2099	4622
1121	5	5	4625	4623	4622	4621
1122	3	3	2097	2096	4626	3529	3528	3533	3532	4131	2278	2277	2276	2279	4221	4220	4627	4625	4621	2098
1123	5	5	3003	3909	3908	3097	3096	2996	2995
1124	5	5	3095	1087	1086	1085	2999
1125	5	5	4557	4556	4555	4628	4629	4630	2931	2928	2927
1126	5	5	2930	4559	4558	4557	2927	2926
1127	5	5	4454	4631	4632	4633	4634	4635	4455
1128	5	5	4636	1330	1329	1328	4455	4635
1129	5	5	4491	4490	4489	947	946	4636	4635	4634
1130	5	5	4637	4493	4492	4491	4634	4633
1131	5	5	4638	4637	4633	4632
1132	4	4	4454	4453	4452	4451	4639	4640	4641	4642	4643	4638	4632	4631
1133	5	5	3366	4644	4645	3215	1746	1745	1744	1743	4646	4647	4648	4649	4650	4651	4652	4653	2289	2288	2287
1134	5	5	4654	4593	2553	2291	2290	2289	4653
1135	2	2	4651	4650	4649	4655	4656	4657	4658	4659	4660	4661	4662	4663	4664	4665	4666	4667	4595	4594	4593	4654	4653	4652
1136	5	5	4668	4655	4649	4648
1137	3	3	4646	4669	4670	4671	2497	2496	2495	4672	4673	4668	4648	4647
1138	5	5	1742	4674	4670	4669	4646	1743
1139	4	4	4644	3366	3365	3364	3363	3217	3216	3215	4645
1140	5	5	4675	4676	4677	4678	4679	4680	4681	4682
1141	5	5	4683	4684	4685	4682	4681
1142	5	5	4308	4307	4306	4686	4687	4683	4681	4680
1143	5	5	4310	4309	4308	4680	4679
1144	5	5	4688	4689	4312	4311	4310	4679	4678
1145	4	4	4676	4524	4523	4522	4690	4691	4692	4693	4694	4695	4689	4688	4678	4677
1146	5	5	4511	4510	4509	4524	4676	4675
1147	5	5	4685	4513	4512	4511	4675	4682
1148	5	5	3870	3869	2394	2393
1149	5	5	4190	4696	4697	4698	4191
1150	5	5	4167	4166	3177	3176	4191	4698
1151	5	5	1141	1140	1146	3934	4167	4698	4697
1152	5	5	1100	1099	1098	1142	1141	4697	4696
1153	5	5	3876	1101	1100	4696	4190
1154	5	5	4087	4086	4085	4095
1155	5	5	973	972	4699	4700	4701	4089	4088	4087	4095
1156	5	5	1246	1251	1777	1243	1242
1157	5	5	682	681	4702	3243	3242	2679	2678	3337
1158	4	4	53	4703	4704	551	550	549	55	54
1159	5	5	4705	4706	4703	53	52
1160	4	4	50	59	64	63	4707	4708	4709	4705	52	51
1161	5	5	3987	3981	3980	4439	4438	577	576	2403	2390	2389
1162	5	5	4626	2096	2095	4710	4711	4712
1163	5	5	3531	3530	4712	4711
1164	5	5	2106	2105	2104	2366	2365	3531	4711	4710
1165	5	5	2094	2108	2107	2106	4710	2095
1166	5	5	3530	3529	4626	4712
1167	5	5	3331	3330	4713	3316	3315	3314	3320
1168	5	5	1894	1893	1892	4202	4206	4714	4715	4716	4717
1169	5	5	2779	2778	2777	2776	4718	4717	4716
1170	5	5	4719	2759	2758	2780	2779	4716	4715
1171	4	4	4206	4205	4204	4203	4720	4721	4722	2760	2759	4719	4715	4714
1172	5	5	4718	1926	1896	1895	1894	4717
1173	5	5	4486	605	604	1813	1812	1820
1174	5	5	1423	1422	4464	3696	3695	1816	1424
1175	5	5	3125	3524	3523	3522	4723	4724	4725	636	635	3126
1176	5	5	4726	2957	2956	4026	4025	4030
1177	3	3	4028	634	633	632	642	641	4195	4194	4197	4196	4727	4728	4729	4730	4731	4732	4733	4734	2959	2958	2957	4726	4030	4029
1178	5	5	1579	252	251	262	3506	3505	4098	1571	1570	1569	1568	1576
1179	5	5	4735	4736	4239	4238	4737	4738	4739	4740
1180	5	5	4179	4178	3170	3169	4741	4742	4743	4740	4739
1181	5	5	4181	4180	4179	4739	4738
1182	5	5	4183	4182	4181	4738	4737
1183	5	5	4237	4256	4184	4183	4737	4238
1184	5	5	4744	4745	4746	4747	4257	4240	4239	4736
1185	5	5	4748	4749	4744	4736	4735
1186	5	5	4743	4748	4735	4740
1187	5	5	4052	4449	4750	4751	4054	4053
1188	5	5	4751	4752	4333	4045	4044	4049	4054
1189	5	5	3006	3005	3004	4076	4075	4079
1190	5	5	4753	3008	3007	3006	4079	4078
1191	5	5	4754	4755	4753	4078	4077
1192	5	5	1934	2253	2252	2251	4756	4757	4754	4077	1935
1193	5	5	575	4758	4433	4428	4427	2404	2403	576
1194	5	5	4426	2405	2404	4427
1195	3	3	575	574	4759	2564	2563	2562	4760	4761	4435	4434	4433	4758
1196	5	5	1274	1273	3598	3597	3596	1275
1197	5	5	4762	4763	4764	4765
1198	5	5	856	855	4765	4764
1199	5	5	4766	4755	4754	4757	858	857	856	4764	4763
1200	5	5	4599	3011	3010	4766	4763	4762
1201	5	5	855	854	853	4600	4599	4762	4765
1202	5	5	4767	1419	1418	4458	4457	4768
1203	5	5	4456	4700	4699	4768	4457
1204	5	5	1417	1434	4459	4458	1418
1205	5	5	1414	1413	1412	1419	4767
1206	5	5	4699	972	971	970	1410	1415	1414	4767	4768
1207	5	5	681	680	679	2756	4769	4702
1208	5	5	4721	4720	4203	2942	2941	2940	4770	3246	3245	3244	3243	4702	4769
1209	5	5	2755	2760	4722	4721	4769	2756
1210	5	5	2333	2332	1262	1261	1260
1211	5	5	4551	4550	4549	3486	3485	3484	1981	1980	1979	1978
1212	5	5	1977	1976	4553	4552	4551	1978
1213	5	5	3483	3482	2352	2351	2350	1983	1982	1981	3484
1214	5	5	4548	4547	4169	4168	3471	3470	3487	3486	4549
1215	5	5	1460	1459	1458	1777	1251	1250	3283
1216	5	5	602	4771	4772	603
1217	5	5	1814	1813	604	603	4772
1218	5	5	1815	1814	4772	4771
1219	5	5	601	608	1805	1815	4771	602
1220	5	5	3162	3161	3173	3177	4166
1221	5	5	2578	3729	3728	3727	3788	2579
1222	5	5	3726	3725	3739	3789	3788	3727
1223	5	5	2577	3731	3730	3729	2578
1224	2	2	4295	4294	4773	4774	4775	4776	4777	4778	4297	4296
1225	5	5	4779	2725	2724	2723	1014	1013	1012	4774	4773	4294	4293
1226	5	5	2725	4779	4293	2726
1227	5	5	4778	4777	1489	1488	1487	1486	1508	1521	1520	2493	2492	2491	2490	4297
1228	3	3	4619	4780	4781	2635	2634	2633	2641	2640	4620
1229	5	5	4782	4783	4252	4251	4250	4249	4784	4785	2636	2635	4781	4780	4619	4618
1230	3	3	4616	4615	4786	4787	4788	4421	4420	4419	4789	4790	4791	4783	4782	4618	4617
1231	5	5	4612	4611	4412	4411	4410	4787	4786	4615	4613
1232	5	5	2029	2028	4380	4379	2008	2007
1233	5	5	3050	4027	2954	2953	3051
1234	5	5	2952	2970	2969	2968	3052	3051	2953
1235	5	5	4792	2377	2112	2111
1236	4	4	2109	4793	2667	2666	2665	2664	2663	2662	2379	2378	2377	4792	2111	2110
1237	5	5	2081	2080	2079	2088	4445	2668	2667	4793	2109	2082
1238	5	5	4794	637	636	4725
1239	3	3	4723	3527	3526	3525	4795	3517	3516	3515	4796	4797	629	628	627	638	637	4794	4725	4724
1240	5	5	3521	3520	3527	4723	3522
1241	5	5	1679	1678	1677	1688	1696	1695	4798
1242	5	5	1694	1797	1796	1795	4798	1695
1243	5	5	1795	1794	1793	1681	1680	1679	4798
1244	5	5	3089	3099	3098	3097	3908	3907	3918	3917	3916	3921	3920	4799	3090
1245	3	3	3920	839	838	837	836	4800	4538	4537	4528	3092	3091	3090	4799
1246	5	5	3915	3921	3916
1247	5	5	1762	1761	1760	1770	1769	2835	2834
1248	5	5	1759	1758	1770	1760
1249	5	5	2833	3802	4801	1239	1238	1763	1762	2834
1250	5	5	4541	4560	4559	2930	2136	2135	2134
1251	5	5	2933	4802	4803	2161	2160
1252	5	5	4707	63	62	2163	2162	2161	4803
1253	5	5	4804	4805	4706	4705	4709	4708	4707	4803	4802
1254	3	3	2932	2931	4630	4629	4628	4806	4807	4808	4809	4810	4811	4812	4813	554	553	552	4814	4805	4804	4802	2933
1255	4	4	4751	4750	4449	4448	4447	4446	4815	4335	4334	4333	4752
1256	5	5	3118	4816	3944	3943	4265	3142	3113	3112
1257	5	5	1434	1433	4460	4459
1258	5	5	1432	1431	3020	3618	3617	3616	4460	1433
1259	5	5	3800	2185	2184
1260	4	4	1828	1827	1826	1241	1240	1239	4801	3802	3801	3800	2184	2183
1261	5	5	4718	2776	2775	2774	4817	4818	1923	1922	1926
1262	5	5	4345	4344	4572	4819	2152	2151	75	74
1263	5	5	1136	4136	3926	1137
1264	5	5	4215	4227	4820	4821	4216
1265	4	4	4820	4822	4823	4824	4825	4826	4219	4218	4217	4216	4821
1266	5	5	4226	4225	4224	4827	4292	4291	4290	4289	4288	4828	4829	4824	4823	4822	4820	4227
1267	5	5	4830	4831	4784	4249	4248
1268	4	4	4830	4832	3393	3392	3391	3399	3398	3402	2638	2637	2636	4785	4784	4831
1269	5	5	3394	3393	4832	4830	4248
1270	5	5	4659	4658	4657	890	889	888
1271	5	5	4656	4655	4668	4673	4672	2495	1514	1513	1512	893	892	891	890	4657
1272	5	5	887	886	907	4833	4661	4660	4659	888
1273	5	5	1495	2249	2248	2247	1496
1274	5	5	3879	3878	3881	4177	4189	4188	4015	4014
1275	5	5	4187	4186	4185	4184	4256	4255	4254	3205	3190	3189	4015	4188
1276	5	5	4467	3231	3230	3697	3696	4464	4463
1277	5	5	918	917	916	3333	3332	3336	4585
1278	5	5	4592	4591	4590	4664	4663	4662	4833	907	906	919	918	4585	4584
1279	5	5	757	756	755	4834	338	337	350
1280	5	5	3702	3701	4835
1281	5	5	3408	3407	3412	4835	3701
1282	5	5	3412	3411	3704	3703	3702	4835
1283	5	5	3028	2691	2690	2839
1284	3	3	2045	2044	2043	2053	2052	4836	4837	4838	4839	4840	4841	4842	4843	4844	3037	2837	2836
1285	4	4	2855	2854	4845	459	458	457	456	455	2847	2846	2845	2856
1286	5	5	2806	461	460	4845	2854	2807
1287	5	5	2873	2811	2810	2809	2853
1288	5	5	3756	3763	3762	4846	4847	4848	2987	2986	2985
1289	5	5	4849	2988	2987	4848
1290	2	2	4846	4850	4851	4852	4853	4854	4855	4856	3738	3737	3736	4857	4858	4859	4860	4861	4862	4863	4849	4848	4847
1291	5	5	3762	3761	4864	4843	4842	4841	4851	4850	4846
1292	2	2	2962	2961	2960	4865	4866	4867	4868	4869	3896	383	382	381	385	391	390	4870	4871	4872	4873	4423	4422	2984	2983
1293	5	5	4410	4409	4408	4407	4421	4788	4787
1294	5	5	2380	2379	2662	2658
1295	5	5	4515	4514	4513	4685	4684	4874
1296	5	5	4683	4687	4274	666	665	664	4874	4684
1297	5	5	664	663	662	4503	4502	4516	4515	4874
1298	5	5	4875	4876	4877	4878	4879	4880	4881	4882	4883	4884
1299	5	5	4882	4693	4692	4691	4884	4883
1300	5	5	4314	4313	4312	4689	4695	4694	4693	4882	4881
1301	5	5	4885	4886	4887	4316	4315	4314	4881	4880
1302	5	5	4888	4889	4890	4891	4885	4880	4879
1303	5	5	4892	4893	4894	4888	4879	4878
1304	5	5	4895	4896	4897	4898	4899	4900	4901	4892	4878	4877
1305	4	4	4875	4902	4903	4904	4905	4906	4907	4908	4896	4895	4877	4876
1306	5	5	4691	4690	4522	4521	4909	4910	4745	4744	4749	4903	4902	4875	4884
1307	5	5	2147	2146	2145	2144	4819	4572	4571
1308	4	4	2537	2536	4911	4912	4913	1338	1337	1336	1335	4914	2529	2528	2527	2538
1309	5	5	1686	1685	4912	4911	2536	2535
1310	5	5	305	304	1687	1686	2535	2534
1311	5	5	2178	2177	4575	4159
1312	5	5	3675	3674	3673	3672	3655	3654	3653	4915	4362
1313	5	5	4916	4917	4918	4363	4362	4915
1314	5	5	3652	3651	4576	4577	4919	4916	4915	3653
1315	5	5	4856	4855	3790	3789	3739	3738
1316	5	5	3749	3748	4858	4857	3736	3735
1317	5	5	4920	4921	2309	2308	2501
1318	4	4	2499	2498	4922	4923	4924	4925	4926	4927	4928	4929	4921	4920	2501	2500
1319	5	5	4671	4670	4674	4922	2498	2497
1320	5	5	2493	1520	1519	1518	2494
1321	5	5	4400	4918	4917	4930	4399	4398	4397	4396
1322	5	5	2874	2851	2850	4931	742	741	4399	4930
1323	5	5	4916	4919	4932	2875	2874	4930	4917
1324	5	5	4391	4368	4364	4363	4918	4400
1325	5	5	1132	1131	1143	1142	1098	1097	1096	1119
1326	5	5	715	724	2882	2881	716
1327	5	5	1473	4327	4933	4934	4332	1474
1328	5	5	4934	4096	4094	4093	4092	4332
1329	5	5	4104	4103	4102	4935	3573	3572	4936	4937
1330	4	4	3572	3571	3570	187	186	185	197	196	202	4937	4936
1331	5	5	4480	3565	3564	3563	3573	4935
1332	5	5	4101	4480	4935	4102
1333	5	5	202	201	4105	4104	4937
1334	5	5	4727	4196	3888	3887	3886	3885	3897
1335	5	5	3896	4869	4868	4729	4728	4727	3897
1336	5	5	3639	3663	4123	3640
1337	5	5	3663	3662	4938	4939	4940	4941	2195	2194	2193	4123
1338	5	5	3298	3297	4450	3299
1339	5	5	3297	3296	3295	3303	4267	4640	4639	4451	4450
1340	5	5	2432	2445	2422	2421	2433
1341	3	3	2420	2419	1833	1832	4941	4940	4939	4938	4942	4943	4944	4945	4946	4947	4948	4949	2435	2434	2433	2421
1342	3	3	3143	4268	331	330	329	347	346	3145	3144
1343	5	5	346	345	3137	3136	3145
1344	3	3	253	4950	242	241	249	248	247	254
1345	5	5	1579	1578	243	242	4950	253	252
1346	5	5	3350	1553	1552	3351
1347	5	5	4913	4912	1685	1684	1683	1339	1338
1348	5	5	2529	4914	1335	1334
1349	5	5	4114	3369	3368	3371	3374	4115
1350	5	5	4667	4666	4589	4588	4595
1351	5	5	945	949	1330	4636	946
1352	5	5	1944	1943	1942	4072	4071	4070	4951	4414	4413	4412	4611	4610	4609	4608	1945
1353	5	5	3200	3199	4790	4789	4419
1354	5	5	3198	3197	3206	4253	4252	4783	4791	4790	3199
1355	5	5	3770	4952	4286	4285	1390	1363	1362
1356	5	5	236	4953	227	226
1357	5	5	2021	4378	4377	231	230
1358	5	5	4953	2022	228	227
1359	5	5	3830	4954	4955	4956	4957	4958	4959	3831
1360	5	5	3822	3821	3831	4959
1361	4	4	4957	4960	1371	1370	1369	1368	3824	3823	3822	4959	4958
1362	5	5	4441	4440	1372	1371	4960	4957	4956
1363	5	5	4961	4962	4442	4441	4956	4955
1364	4	4	3830	3829	3828	3827	4963	4964	4965	4966	4967	4962	4961	4955	4954
1365	5	5	1380	1379	1865	4229	1381
1366	5	5	937	936	3275	3280	3279
1367	5	5	2551	4968	4969	4970	4971	4972	4871	4870	390	389	2547	2546
1368	5	5	4973	4974	4975	4976	3746	3745	3744	3743	4423	4873	4872	4871	4972
1369	5	5	4977	4978	4979	4980	4973	4972	4971
1370	4	4	4969	4968	2550	2549	2548	401	400	399	4978	4977	4971	4970
1371	5	5	2550	4968	2551
1372	5	5	1578	1577	1581	244	243
1373	5	5	1572	1571	4098
1374	5	5	3852	2486	2315	2314	2322	2321	3853
1375	5	5	4981	3849	3848	3851	4017
1376	5	5	4020	4981	4017	4016
1377	5	5	4776	4775	1010	1009	1008	1491	1490	1489	4777
1378	5	5	521	3835	45	44
1379	5	5	520	530	529	528	527	4964	4963	3827	3826	3836	3835	521
1380	5	5	1660	4982	2480	2479	2478	3699	3705	3704	3411	1661
1381	2	2	4983	4984	4985	4200	4199	4198	4986	4987	3514	3513	3512	3511	4988	340	339	338	4834
1382	5	5	754	753	4984	4983	4834	755
1383	5	5	4282	4989	4990	4991	4283
1384	5	5	4992	4993	4994	3661	3660	4283	4991
1385	5	5	4995	4996	4946	4945	4992	4991	4990
1386	4	4	4282	4281	4280	4279	4997	4998	4999	5000	4996	4995	4990	4989
1387	5	5	4230	1862	1861	1885	1884	4569	4568	27	26
1388	3	3	471	743	742	4931	2850	2849	2848	454	453	452	467	472
1389	5	5	1317	1320	1331	929	928	939	2741	2740	1318
1390	5	5	4444	5001	525	524	523	536
1391	5	5	488	487	2883	722	721
1392	5	5	1886	5002	3254	2025	2024	2023	2022	4953	236	235
1393	5	5	4924	4923	4922	4674	1742	1741	1740
1394	5	5	1739	1738	1752	4926	4925	4924	1740
1395	5	5	4815	4446	1451	1450	1449	4335
1396	5	5	752	751	4201	4200	4985	4984	753
1397	5	5	3510	3509	269	268	4162	4161	3434	3433	3432	3502	3501	3500	3508
1398	5	5	4814	552	551	4704	4703	4706	4805
1399	5	5	751	750	1065	1064	3895	3894	4201
1400	5	5	629	4797	4796	4987	4986	4198	630
1401	5	5	3517	4795	3525	3518
1402	5	5	4864	3761	3760	3033	3032
1403	5	5	3037	4844	4843	4864	3032	3031
1404	5	5	3759	4436	3035	3034
1405	5	5	1856	1855	1870	1869	1857
1406	4	4	4909	4521	4520	4259	4258	4257	4747	4746	4745	4910
1407	5	5	4748	4743	4742	5003	5004	4905	4904	4903	4749
1408	5	5	706	705	719	5005	4392	707
1409	5	5	5005	4402	4389	4388	4392
1410	5	5	2140	2139	2929
1411	5	5	2154	2153	2142	2141	2140	2929	2155
1412	5	5	2576	5006	5007	3732	3731	2577
1413	5	5	1907	1906	104	103	112
1414	5	5	5008	4907	4906	4905	5004
1415	3	3	4742	4741	3169	3168	3167	3166	5009	5010	5011	5012	5013	5014	5015	4899	4898	4897	5016	5008	5004	5003
1416	5	5	3661	4994	4943	4942	4938	3662
1417	5	5	4993	4944	4943	4994
1418	5	5	2564	4759	574	573	589	588
1419	5	5	444	2819	2818	5017	445
1420	4	4	2818	2817	2795	2794	2793	437	436	435	441	446	445	5017
1421	4	4	443	450	449	448	465	464	5018	2821	2820	2819	444
1422	5	5	4686	4270	4269	4274	4687
1423	2	2	4818	4817	5019	5020	5021	5022	3994	3993	96	95	94	5023	5024	5025	5026	2412	2411	1924	1923
1424	5	5	1883	1882	4564	4570	4569	1884
1425	5	5	4853	4852	4839	4838	4837
1426	5	5	4851	4841	4840	4839	4852
1427	5	5	4836	2052	2051	3790	4855	4854	4853	4837
1428	5	5	997	996	3988	5027
1429	5	5	867	866	5027	3988
1430	5	5	866	865	864	998	997	5027
1431	5	5	1213	1212	3052	2968	2967	2966	1214
1432	5	5	2205	2216	4067	2206
1433	5	5	2215	2214	2213	3192	4417	4416	4415	4069	4068	4067	2216
1434	3	3	2797	5028	424	423	422	421	433	439	438	2792	2791	2798
1435	5	5	2803	4150	425	424	5028	2797	2796
1436	5	5	2128	2127	3974
1437	5	5	3698	3228	3227	3236	3235	3241
1438	5	5	1292	1291	5029	5030	4021	3711	3710	3709	3706	1293
1439	4	4	4505	5031	4475	4474	4473	4478	4477	4519	4518	4517	4525	4507	4506
1440	5	5	4472	4471	4475	5031	4505	4504
1441	5	5	662	661	660	4472	4504	4503
1442	5	5	4546	4170	4169	4547
1443	5	5	4700	4456	4058	4057	4056	4062	4701
1444	5	5	4042	4041	4089	4701	4062
1445	5	5	1660	1659	4982
1446	5	5	1658	1657	2482	2481	2480	4982	1659
1447	5	5	406	2991	4861	4860	4859	5032	5033	5034	5035	398	397
1448	5	5	5036	5037	5038	5039	5040	4979	4978	399	398	5035
1449	4	4	5033	5032	5041	5042	5043	5044	5037	5036	5035	5034
1450	5	5	4858	3748	3747	3746	4976	5045	5046	5043	5042	5041	5032	4859
1451	5	5	2990	2989	4862	4861	2991
1452	5	5	5018	464	463	2805	2821
1453	5	5	2472	3325	3324	3323	3334	2473
1454	5	5	912	911	1553	3350	3349	913
1455	5	5	862	861	1003	1002	1001
1456	5	5	860	859	5047	1005	1004	1003	861
1457	5	5	1000	863	862	1001
1458	5	5	2463	2466	2465	2464
1459	5	5	4173	4172	5048	3970	3969	3968	3967	5012	5011	5010	5009	3166	3165
1460	5	5	2424	2444	2443	2451	4330	4329	4328	4141	2415	2414
1461	5	5	4638	4643	4495	4494	4493	4637
1462	5	5	4642	4641	4640	4267	4266	3941	3940	4496	4495	4643
1463	5	5	4992	4945	4944	4993
1464	5	5	1634	1633	1636	2457
1465	5	5	2940	153	152	3247	3246	4770
1466	5	5	719	718	4402	5005
1467	5	5	2900	2905	11	10	1890	1889	1888	2901
1468	5	5	1887	4566	4565	2902	2901	1888
1469	5	5	4320	5049	2769	2768	2767	4304
1470	5	5	4810	4809	4808	4807	1974	1973	1972	1984	1986
1471	5	5	1989	543	542	541	4812	4811	4810	1986	1985
1472	5	5	4929	4928	1713	1712	2310	2309	4921
1473	5	5	1466	1465	1464	1475
1474	5	5	2373	2372	2381	2657	2374
1475	4	4	1587	1586	1585	3256	3255	3254	5002	1886	1588
1476	5	5	1007	1493	1492	1491	1008
1477	5	5	4774	1012	1011	1010	4775
1478	5	5	531	530	520	519
1479	5	5	4987	4796	3515	3514
1480	5	5	3139	3138	4988	3511	3140
1481	5	5	4928	4927	4926	1752	1714	1713
1482	5	5	5026	5025	5024	5050	5051	5052
1483	3	3	5050	5053	93	92	91	90	101	108	107	106	5052	5051
1484	5	5	5023	94	93	5053	5050	5024
1485	5	5	106	105	2410	2412	5026	5052
1486	5	5	2868	2867	2175	2174	2173	3799
1487	5	5	2813	2812	2872	2871	2814
1488	5	5	3429	3428	4116	3372	3264	3263	3430
1489	5	5	4435	4761	4760	5054	5055	3319	3318	3317	3316	4713	4431	4430
1490	5	5	2468	2467	2461	2460	3266	4432
1491	5	5	4713	3330	3329	3328	3327	2469	2468	4432	4431
1492	5	5	3010	3009	3008	4753	4755	4766
1493	5	5	4756	5047	859	858	4757
1494	5	5	2861	2860	2859	4932	4919	4577
1495	5	5	3509	270	269
1496	5	5	3752	3723	3722	3733	3732	5007
1497	4	4	2576	2575	2574	5056	3754	3753	3752	5007	5006
1498	5	5	4172	4171	4170	4546	4545	4544	4543	5048
1499	5	5	4542	3953	3952	3970	5048	4543
1500	5	5	1051	1050	173	172	2230	2232
1501	5	5	4156	4437	4436	3759	3758	3757	4152
1502	5	5	3233	4466	1437	1436
1503	5	5	4465	1438	1437	4466
1504	5	5	4378	2021	2020	4376
1505	5	5	2592	3629	3628	3754	5056	2574	2573
1506	5	5	2971	2970	2952	2951
1507	5	5	4734	4733	4865	2960	2959
1508	5	5	454	2848	2847	455
1509	5	5	3156	3155	4532	4531	4530	4538	4800	836	835
1510	5	5	4535	4534	4097	4096	4934	4933
1511	5	5	4326	4331	2449	2448	4536	4535	4933	4327
1512	5	5	3154	3153	4097	4534	4533	4532	3155
1513	5	5	18	17	4567	4566	1887
1514	5	5	3319	5055	5054	4760	2562	2561
1515	5	5	4244	4243	4261
1516	5	5	4949	4948	4222	2436	2435
1517	5	5	1406	988	987	1643	1435
1518	5	5	4076	3004	2609	2608	4074
1519	5	5	810	809	808	822	821	820	2239	2238	2237	5057	5058
1520	5	5	811	810	5058	5057
1521	5	5	2236	2235	791	790	789	806	812	811	5057	2237
1522	5	5	807	813	822	808
1523	5	5	3961	3960	3959	5059	5060	4889	4888	4894	5061	5062
1524	4	4	4894	4893	4892	4901	4900	5063	5064	5065	5062	5061
1525	3	3	5059	5066	4013	4012	4011	4010	4887	4886	4885	4891	4890	4889	5060
1526	5	5	3958	3957	4357	4002	4001	4000	4013	5066	5059	3959
1527	5	5	5065	5064	5067	3963	3962	3961	5062
1528	5	5	4967	4966	5001	4444	4443	4442	4962
1529	5	5	2652	3777	3776	5068	1672	1671	1670	2644	2643	2642
1530	5	5	3783	1650	1649	1672	5068
1531	5	5	3775	3783	5068	3776
1532	5	5	1656	1655	1675	2483	2482	1657
1533	4	4	5039	5038	5046	5045	4976	4975	4974	4973	4980	4979	5040
1534	5	5	5044	5043	5046	5038	5037
1535	5	5	2090	4624	5069	5070	3772	3771	2091
1536	5	5	1693	1784	1798	1797	1694
1537	5	5	2811	2873	2872	2812
1538	5	5	4813	4812	541	540	539	554
1539	5	5	1157	1156	1171	1170	3452
1540	5	5	2582	2598	2583
1541	5	5	5020	5019	4817	2774	2773	2772	5071
1542	5	5	2771	5071	2772
1543	5	5	2771	2770	2769	5049	5021	5020	5071
1544	5	5	3849	4981	4020	3539	3538
1545	3	3	3541	3540	4019	4018	4022	4021	5030	5029	2521	2520	2519	2532	2531	2530	3543	3542
1546	5	5	4819	2144	2143	2142	2153	2152
1547	5	5	5064	5063	4900	4899	5015	5014	5072	5073	5067
1548	5	5	3965	3964	3963	5067	5073
1549	5	5	3966	3965	5073	5072
1550	5	5	5013	5012	3967	3966	5072	5014
1551	5	5	729	480	479	727	726
1552	5	5	1773	1772	1778
1553	5	5	5029	1291	1290	1289	2521
1554	5	5	5000	4999	4998	4827	4224	4223	4222	4948	4947	4946	4996
1555	5	5	1776	1775	2827	2826	1767	1766
1556	5	5	2196	2195	4941	1832	1825	1824
1557	5	5	3481	3480	2353	2352	3482
1558	5	5	4320	4319	4318	4317	4007	3995	3994	5022	5021	5049
1559	5	5	341	340	4988	3138
1560	5	5	4306	4305	4271	4270	4686
1561	5	5	2471	2470	2469	3327	3326
1562	5	5	3325	2472	2471	3326
1563	5	5	4756	2251	2250	2249	1495	1494	1493	1007	1006	1005	5047
1564	5	5	4662	4661	4833
1565	5	5	2859	2858	2875	4932
1566	5	5	2028	2027	4382	4381	4380
1567	5	5	2026	3253	4383	4382	2027
1568	5	5	4965	4964	527	526	525	5001	4966
1569	5	5	1389	1388	3824	1368	1367
1570	4	4	3945	3944	4816	3118	3117	3116	5074	3950	3949	3947	3946
1571	5	5	734	475	474	483
1572	5	5	4316	4887	4010	4009
1573	5	5	1956	1955	1954	793	792	791	2235	2234	2233
1574	5	5	3950	5074	3116	3115
1575	5	5	401	2548	402
1576	5	5	4867	4731	4730	4729	4868
1577	5	5	4371	4370	4390	4372
1578	5	5	459	4845	460
1579	5	5	4625	4627	4220	4219	4826	4825	4829	4828	5069	4624	4623
1580	5	5	999	998	864	863	1000
1581	5	5	4287	4286	4952	5070	5069	4828	4288
1582	5	5	4998	4997	4279	4278	4292	4827
1583	5	5	4825	4824	4829
1584	5	5	5016	4897	4896	4908	4907	5008
1585	5	5	3570	188	187
1586	5	5	3362	3361	3219	3218
1587	5	5	4589	4666	4665	4664	4590
1588	5	5	4806	4628	4555	4554	4553	1976	1975	1974	4807
1589	5	5	4952	3770	3769	3772	5070
1590	5	5	4733	4732	4731	4867	4866	4865
1591	5	5	893	1512	1511	1510	894
1592	5	5	4414	4951	4070	4069	4415
1593	5	5	1161	1160	1176	1162
1594	5	5	2988	4849	4863	4862	2989
