0	5	5	0	1	2	3	4
1	5	5	5	6	0	4	7
2	5	5	8	9	10	5	7	11
3	5	5	8	11	12
4	5	5	13	14	15	16	17	9	8	12	18
5	5	5	19	20	21	22	23	24	25	13	18	26
6	5	5	27	19	26	28
7	5	5	29	30	31	27	28	32
8	5	5	33	34	35	36	37	38	29	32	39
9	5	5	40	33	39	41
10	5	5	42	43	44	40	41	45
11	5	5	46	47	48	49	50	42	45	51
12	5	5	52	53	46	51	54
13	5	5	55	52	54	56
14	5	5	57	55	56	58
15	5	5	59	60	61	62	57	58	63
16	5	5	64	65	66	59	63	67
17	5	5	68	69	64	67	70
18	5	5	71	72	73	74	68	70	75
19	5	5	76	71	75	77
20	5	5	78	79	80	81	82	83	76	77	84
21	5	5	85	86	87	88	89	78	84	90
22	5	5	91	85	90	92
23	5	5	93	91	92	94
24	5	5	95	96	93	94	97
25	5	5	98	95	97	99
26	5	5	100	101	102	103	98	99	104
27	5	5	105	100	104	106
28	5	5	107	108	109	110	111	105	106	112
29	5	5	113	114	107	112	115
30	5	5	116	117	118	113	115	119
31	5	5	116	119	120
32	5	5	121	117	116	120	122
33	5	5	123	124	125	126	127	128	129	130	131	132	133	134	121	122	135
34	5	5	136	124	123	137
35	5	5	138	139	140	141	142	143	144	136	137	145
36	5	5	146	147	148	149	138	145	150
37	5	5	151	152	153	154	155	156	157	158	146	150	159
38	5	5	160	161	151	159	162
39	5	5	163	164	165	166	167	160	162	168
40	5	5	169	170	171	172	173	174	175	176	177	178	179	180	163	168	181
41	5	5	182	169	181	183
42	5	5	184	185	186	187	188	189	190	191	182	183	192
43	5	5	193	194	195	196	197	198	199	200	201	202	203	184	192	204
44	5	5	205	193	204	206
45	5	5	207	208	209	210	211	205	206	212
46	5	5	213	207	212	214
47	5	5	215	216	217	218	219	220	213	214	221
48	5	5	222	223	224	225	226	227	228	215	221	229
49	5	5	230	222	229	231
50	5	5	232	230	231	233
51	5	5	234	232	233	235
52	5	5	236	237	238	239	240	241	242	234	235	243
53	5	5	244	236	243	245
54	5	5	246	247	248	249	244	245	250
55	5	5	251	252	246	250	253
56	5	5	254	255	256	257	258	259	251	253	260
57	5	5	261	262	263	254	260	264
58	5	5	265	266	267	268	261	264	269
59	5	5	270	271	272	273	274	275	276	277	265	269	278
60	5	5	279	270	278	280
61	5	5	281	282	283	284	279	280	285
62	5	5	286	287	281	285	288
63	5	5	289	290	291	292	293	294	295	286	288	296
64	5	5	297	298	290	289	299
65	5	5	300	301	302	297	299	303
66	5	5	304	305	306	300	303	307
67	5	5	308	309	304	307	310
68	5	5	311	309	308	310	312
69	5	5	313	314	315	316	317	318	319	320	311	312	321
70	5	5	322	323	324	325	326	327	328	329	330	331	313	321	332
71	5	5	333	334	335	336	337	322	332	338
72	5	5	339	340	341	342	343	344	333	338	345
73	5	5	346	340	339	345	347
74	5	5	348	349	350	351	352	353	346	347	354
75	5	5	355	356	357	358	359	348	354	360
76	5	5	361	362	363	364	365	355	360	366
77	5	5	367	368	369	370	371	372	373	374	375	376	377	378	379	380	361	366	381
78	5	5	382	367	381	383
79	5	5	384	385	386	387	388	382	383	389
80	5	5	390	384	389	391
81	5	5	392	393	394	395	396	397	398	399	400	390	391	401
82	5	5	402	403	404	405	406	392	401	407
83	5	5	408	409	410	411	412	413	414	402	407	415
84	5	5	409	408	416
85	5	5	417	418	419	420	410	409	416	421
86	5	5	422	423	424	425	426	427	428	429	420	419	430	431	417	421	432
87	5	5	433	434	435	436	437	438	439	440	441	442	422	432	443
88	5	5	444	445	446	447	433	443	448
89	5	5	449	444	448	450
90	5	5	451	452	453	454	455	449	450	456
91	5	5	457	451	456	458
92	5	5	459	460	461	462	463	457	458	464
93	5	5	465	459	464	466
94	5	5	467	468	465	466	469
95	5	5	470	471	472	473	467	469	474
96	5	5	475	476	477	478	479	480	481	482	483	470	474	484
97	5	5	485	486	487	475	484	488
98	5	5	489	490	491	492	493	485	488	494
99	5	5	495	496	497	498	499	500	489	494	501
100	5	5	502	503	495	501	504
101	5	5	505	506	507	508	509	510	502	504	511
102	5	5	512	513	514	515	516	505	511	517
103	5	5	518	519	520	521	512	517	522
104	5	5	523	518	522	524
105	5	5	525	526	527	523	524	528
106	5	5	529	530	525	528	531
107	5	5	1	529	531	2
108	5	5	532	533	534	535	536	537	538	539
109	5	5	540	541	542	543	539	538
110	3	3	536	544	545	546	547	548	549	550	551	552	553	554	555	556	557	541	540	538	537
111	5	5	558	559	560	561	562	563	564	565	546	545	544	536	535
112	5	5	566	567	568	569	570	571	572	573	574	575	576	577	578	579	580	558	535	534
113	4	4	532	581	582	583	584	585	567	566	534	533
114	5	5	543	586	587	588	583	582	581	532	539
115	5	5	589	590	591	592
116	2	2	593	594	595	596	597	598	599	600	601	602	603	604	605	606	607	608	609	610	592	591
117	5	5	611	612	613	594	593	591	590
118	5	5	614	615	616	617	618	619	611	590	589
119	5	5	610	614	589	592
120	5	5	620	621	622	623	624
121	2	2	622	625	626	627	628	629	630	631	632	633	634	635	636	637	638	639	640	641	642	643	644	645	624	623
122	5	5	646	647	648	626	625	622	621
123	5	5	649	650	651	652	646	621	620
124	5	5	645	644	653	654	655	656	649	620	624
125	5	5	657	658	659	660	661	662
126	5	5	663	664	665	666	667	668	669	670	671	662	661
127	4	4	672	673	674	675	676	677	678	679	680	681	682	683	664	663	661	660
128	5	5	684	685	673	672	660	659
129	4	4	657	686	687	688	689	690	691	692	693	694	685	684	659	658
130	5	5	671	695	696	686	657	662
131	4	4	576	575	697	698	699	700	701	702	703	704	705	706	707	708	578	577
132	5	5	697	575	574
133	5	5	709	710	700	699	698	697	574	573
134	4	4	571	711	712	713	714	715	716	710	709	573	572
135	5	5	717	718	719	712	711	571	570
136	3	3	568	720	721	722	723	724	725	726	727	728	717	570	569
137	5	5	585	720	568	567
138	2	2	579	729	730	731	732	733	734	735	736	737	738	739	740	741	742	743	744	561	560	559	558	580
139	5	5	708	730	729	579	578
140	5	5	745	746	747	748	749	750	751	752
141	3	3	753	754	755	756	757	758	759	760	761	762	763	764	765	766	767	768	769	752	751
142	5	5	770	753	751	750
143	5	5	770	750	749
144	5	5	771	772	773	774	775	776	777	756	755	754	753	770	749	748
145	5	5	778	779	771	748	747
146	3	3	745	780	781	782	783	784	785	786	787	778	747	746
147	5	5	769	768	767	766	788	789	790	791	792	793	794	795	796	797	798	799	781	780	745	752
148	5	5	453	800	801	802	803	454
149	1	1	802	804	805	806	807	808	809	446	445	444	449	455	454	803
150	5	5	810	804	802	801
151	2	2	453	452	451	457	463	462	811	812	813	814	815	816	817	818	819	810	801	800
152	5	5	820	821	822	823	824	825	826	827	828	829	830
153	4	4	828	831	832	833	834	835	836	837	838	839	830	829
154	5	5	831	828	827
155	5	5	840	841	842	833	832	831	827	826
156	5	5	843	844	845	846	840	826	825
157	2	2	823	847	848	849	850	851	852	853	854	855	856	857	858	859	860	861	862	863	844	843	825	824
158	5	5	864	865	866	867	868	869	847	823	822
159	4	4	820	870	871	872	873	874	875	876	877	865	864	822	821
160	5	5	839	838	871	870	820	830
161	5	5	878	879	880	881	882	883	884
162	5	5	885	886	887	888	889	890	891	892	893	894	895	896	897	898	899	900	901	884	883
163	4	4	881	902	903	904	905	906	907	886	885	883	882
164	5	5	908	909	903	902	881	880
165	2	2	878	910	911	912	913	914	915	916	917	918	919	920	909	908	880	879
166	5	5	901	921	922	923	924	925	912	911	910	878	884
167	5	5	926	927	928	929	930	931	932	933	934
168	2	2	932	81	80	79	78	89	88	935	936	937	938	939	940	941	942	943	944	934	933
169	5	5	945	74	73	82	81	932	931
170	2	2	929	946	947	948	949	950	951	66	65	64	69	68	74	945	931	930
171	5	5	952	953	954	955	956	957	947	946	929	928
172	3	3	926	958	959	960	961	962	963	964	965	966	967	968	969	970	971	972	973	974	953	952	928	927
173	5	5	944	943	975	976	977	959	958	926	934
174	5	5	978	979	980	981	982	983
175	2	2	981	984	985	986	987	988	989	990	991	992	993	994	995	996	997	998	999	1000	1001	1002	1003	1004	1005	1006	1007	1008	983	982
176	5	5	1009	1010	1011	986	985	984	981	980
177	1	1	978	1012	1013	1014	1015	1016	1017	1018	1019	1020	1021	1022	1023	1024	1025	1026	1027	1028	1029	1030	1031	1032	1033	1009	980	979
178	5	5	1008	1007	1012	978	983
179	5	5	1034	1035	1036	1037
180	5	5	1038	1039	1040	1037	1036
181	5	5	1041	1042	1043	1038	1036	1035
182	2	2	1044	1045	1046	1047	1048	1049	1050	1051	1052	1053	1054	1055	1056	1057	1041	1035	1034
183	5	5	1040	1058	1059	1060	1061	1062	1063	1045	1044	1034	1037
184	5	5	1064	1065	1066	1067
185	5	5	1068	1069	1070	1067	1066
186	5	5	1071	1068	1066	1065
187	2	2	1072	1073	1074	526	525	530	1075	6	5	10	9	17	16	1076	1077	1078	1079	1080	1081	1082	1071	1065	1064
188	5	5	1070	1083	1073	1072	1064	1067
189	5	5	1084	1085	1086	1087	1088	1089	1090	1091	1092	1093	1094	1095
190	5	5	1096	1097	1098	1099	1100	1101	1102	1103	1104	1105	1106	1107	1108	1109	1110	1111	1095	1094
191	3	3	1092	1112	1113	1114	1115	1116	1117	1118	1119	1120	1121	1122	1123	1124	1125	1097	1096	1094	1093
192	5	5	1126	1127	1113	1112	1092	1091
193	4	4	1089	1128	1129	1130	1131	1132	1133	1134	1135	1136	1127	1126	1091	1090
194	5	5	1137	1138	1139	1129	1128	1089	1088
195	5	5	1140	1141	1137	1088	1087
196	2	2	1085	1084	1111	1110	1109	1108	1142	1143	1144	1145	1146	1147	1148	1149	1150	1151	1152	1140	1087	1086
197	5	5	1111	1084	1095
198	5	5	1153	1154	1155	1156
199	3	3	1157	1158	1159	1160	1161	1162	1163	656	655	654	1164	1165	1166	1167	1168	1169	1170	1171	1172	1156	1155
200	5	5	1173	352	351	1174	1175	1176	1177	1178	1179	1158	1157	1155	1154
201	3	3	1180	1181	1182	342	341	340	346	353	352	1173	1154	1153
202	5	5	1172	1171	1183	1181	1180	1153	1156
203	5	5	920	1184	1185	1186	1187	1188	1189	905	904	903	909
204	5	5	1190	1191	1192	1193	1194	1195	1196	1197	1198	1199	1200
205	3	3	1198	1201	1202	1203	1204	1205	1206	1207	1208	1209	1200	1199
206	5	5	1210	1211	1202	1201	1198	1197
207	2	2	1195	1212	1213	1214	1215	1216	1217	1218	1219	1220	1221	1210	1197	1196
208	5	5	1222	1223	1224	1213	1212	1195	1194
209	5	5	1225	1226	1227	1228	1222	1194	1193
210	3	3	1191	1190	1229	1230	1231	1232	1233	1234	1235	1236	1237	1238	1239	1240	1241	1242	1243	1244	1245	1246	1247	1248	1226	1225	1193	1192
211	5	5	1209	1229	1190	1200
212	5	5	1249	1250	1251	1252	1253	1254
213	1	1	1252	1255	1256	1257	1258	1259	1260	1261	1262	1263	1264	1265	1266	1267	1268	1269	1270	1271	1272	1273	1274	1275	1276	1277	1278	1254	1253
214	5	5	1279	1280	1281	1282	1255	1252	1251
215	2	2	1249	1283	1284	1285	1286	1287	1288	1289	1290	1291	1292	1293	1294	1295	1279	1251	1250
216	5	5	1278	1277	1296	1297	863	862	861	1284	1283	1249	1254
217	5	5	1298	1299	1300	1301	1302	1303	1304	1305
218	5	5	1306	1307	1308	1309	1310	1305	1304
219	3	3	1302	1311	1312	1313	1314	1315	1316	1317	1318	1319	1320	1321	1322	1323	1324	1325	1326	1327	1328	1329	1330	1331	1307	1306	1304	1303
220	5	5	1332	1333	1334	1312	1311	1302	1301
221	5	5	1335	1332	1301	1300
222	2	2	1298	1336	1337	1338	1339	1340	1341	1342	1343	1344	1345	1346	1347	1348	1349	1350	1351	1352	1353	1354	1355	1356	1333	1332	1335	1300	1299
223	5	5	1310	1357	1358	319	318	1338	1337	1336	1298	1305
224	5	5	1359	1360	1361	1011	1010
225	5	5	1033	1362	1363	1364	1359	1010	1009
226	5	5	1361	1365	1366	1367	988	987	986	1011
227	5	5	1368	1369	1370	1371	1372	1373	1374	1375	1376	1027	1026	1025	1024
228	5	5	1377	1378	1379	1380	1381	1029	1028	1027	1376
229	4	4	1374	1382	1378	1377	1376	1375
230	5	5	1383	1384	1385	1386	1387	1388	1389	1390	1391	1392	1393	1394	1379	1378	1382	1374	1373
231	3	3	1371	1370	1395	1396	1397	1398	1399	1400	1384	1383	1373	1372
232	5	5	1401	1402	1403	1404	1405	1395	1370	1369
233	5	5	1406	1407	1408	1401	1369	1368
234	5	5	1023	1022	1409	1410	1406	1368	1024
235	5	5	565	1411	1412	1413	1414	1415	1416	548	547	546
236	5	5	1417	1418	1419	1420	1421	1422	1423	550	549	548	1416
237	4	4	1414	1424	1425	1426	1427	1428	1419	1418	1417	1416	1415
238	5	5	1429	1430	1431	1424	1414	1413
239	5	5	1432	1429	1413	1412
240	4	4	565	564	563	1433	1434	1435	1436	1432	1412	1411
241	5	5	1437	1438	1439	1440	1441	1442	1443	1444
242	5	5	1445	1446	1447	1444	1443
243	5	5	1448	1449	1259	1258	1257	1450	1451	1445	1443	1442
244	2	2	1440	1452	1453	1454	1455	1456	1457	1458	1459	1460	1461	1462	1449	1448	1442	1441
245	5	5	1463	1464	1453	1452	1440	1439
246	3	3	1437	1465	1466	1467	1468	1469	1470	1471	1472	1473	1474	1475	1476	1464	1463	1439	1438
247	5	5	1447	1477	1478	1479	1480	1465	1437	1444
248	5	5	1481	1482	1483	1484	1485	1486	1487	1488	1489	1490
249	2	2	1488	1491	1492	1493	1494	1495	1496	1497	1498	1499	1500	1501	1502	1503	1504	1505	1506	1507	1508	1509	1490	1489
250	5	5	1510	1511	1492	1491	1488	1487
251	3	3	1485	1512	1513	1514	1515	1516	1517	1518	1519	1520	1511	1510	1487	1486
252	5	5	1521	1522	1512	1485	1484
253	2	2	1482	1523	1524	1525	1526	1527	1528	1529	1530	1531	1532	1533	1534	1535	1536	1537	1538	1539	1522	1521	1484	1483
254	5	5	1540	1541	1542	1543	1296	1277	1276	1275	1274	1525	1524	1523	1482	1481
255	5	5	1509	1508	1544	1540	1481	1490
256	5	5	1545	1546	1547	1548	1549	1550
257	2	2	1548	1551	1552	1553	1554	1555	1556	1557	1558	1559	1560	1561	1562	1563	1564	1565	1566	1567	1568	1569	1570	1571	1572	1573	1550	1549
258	5	5	1574	1575	1576	1577	1578	1552	1551	1548	1547
259	4	4	1579	1580	1581	1582	1575	1574	1547	1546
260	5	5	1583	1584	1585	1586	1587	1588	1581	1580	1579	1546	1545
261	5	5	1573	1572	1583	1545	1550
262	5	5	1170	1169	1589	1590	1591	1183	1171
263	5	5	1591	1592	1593	343	342	1182	1181	1183
264	5	5	1594	1595	1596	1597	1598	1599	1600	1601	1602	1603	1604
265	5	5	1605	1606	1607	1608	1609	1610	1611	1612	1613	1614	1594	1604
266	2	2	1602	1601	1615	1616	1617	1618	1619	1620	1621	1622	1623	1624	1625	1626	1627	1628	1629	1630	1631	1632	1633	1605	1604	1603
267	5	5	1634	1635	1616	1615	1601	1600
268	5	5	1636	1637	1638	1639	1640	1641	1634	1600	1599
269	5	5	1642	1643	1644	1645	1636	1599	1598
270	5	5	1646	1647	1642	1598	1597
271	5	5	1648	1649	1650	1651	1652	1653	1654	1646	1597	1596
272	4	4	1594	1655	1656	1657	1658	1659	1660	1661	1662	1650	1649	1648	1596	1595
273	5	5	1614	1656	1655	1594
274	5	5	689	688	687	1663	1664	1665	1666	1667	1668	1669	1670
275	5	5	1671	1672	1673	1674	1675	1670	1669
276	3	3	1667	1676	1677	1678	1679	1680	1681	1682	1683	1672	1671	1669	1668
277	5	5	1684	1685	1686	1687	1688	616	615	1677	1676	1667	1666
278	5	5	1684	1666	1665
279	4	4	1663	696	695	671	670	669	668	1689	1690	1687	1686	1685	1684	1665	1664
280	5	5	686	696	1663	687
281	5	5	1675	1691	1692	1693	1694	1695	692	691	690	689	1670
282	5	5	1075	530	529	1	0	6
283	5	5	1696	1697	1698	1699	1700	1701
284	3	3	1699	1702	1703	1704	1705	1706	1707	1708	1709	1710	1711	1712	1713	1714	1715	1716	1717	1718	1719	1720	1721	1722	1723	1701	1700
285	5	5	1724	1725	1726	1727	1703	1702	1699	1698
286	4	4	1696	1728	1729	1730	1731	1732	1733	1734	1735	1736	1737	1738	1725	1724	1698	1697
287	5	5	1723	1722	1739	1740	1741	1742	1743	1744	1745	1746	1731	1730	1729	1728	1696	1701
288	5	5	1747	1748	1749	1750	1751
289	5	5	1752	1753	1754	1751	1750
290	5	5	1755	1756	1757	1758	1759	1760	1761	1762	1763	1752	1750	1749
291	5	5	1764	1765	1766	1767	1768	1755	1749	1748
292	2	2	1747	1769	1770	1771	1772	1773	1774	1775	1776	1777	1778	1779	1780	1781	1782	1783	1784	1785	1766	1765	1764	1748
293	5	5	1754	1786	1787	1788	1747	1751
294	5	5	1789	1790	1791	1792	1793	1794	1795	1796
295	3	3	1794	1797	1798	1799	1800	1801	1802	1803	1804	1805	1806	1807	1808	1809	1810	1811	1812	1813	1814	1796	1795
296	5	5	1815	1816	1817	1818	1819	1820	1821	1822	1823	1824	1798	1797	1794	1793
297	4	4	1791	1825	1826	1827	1828	1829	1830	1816	1815	1793	1792
298	5	5	1147	1146	1827	1826	1825	1791	1790
299	5	5	1831	1832	1833	1834	1835	1836	1151	1150	1149	1148	1147	1790	1789
300	5	5	1814	1813	1812	1837	1831	1789	1796
301	5	5	1838	1839	1840	1841	1042	1041	1057	1056	1842
302	5	5	1055	1054	1843	1844	1845	1846	1847	1848	1842	1056
303	3	3	1840	1839	1849	1850	1851	1852	1853	1854	1855	1856	1857	1858	1859	1860	1861	1862	1863	1864	1865	1866	1867	1059	1058	1040	1039	1038	1043	1042	1841
304	5	5	1868	1869	1870	1871	1872	1850	1849	1839	1838
305	5	5	1848	1873	1874	1875	1868	1838	1842
306	5	5	966	965	1876	1877	1878	1879	1880	1881
307	5	5	1882	1883	1884	1885	1886	1887	1881	1880
308	5	5	1888	1889	1882	1880	1879
309	3	3	1877	1890	1891	1892	1893	1894	1895	1896	1897	1898	1899	1900	1888	1879	1878
310	5	5	963	962	961	1890	1877	1876
311	5	5	964	963	1876	965
312	5	5	1887	1901	968	967	966	1881
313	5	5	1902	1903	1904	1905	1906	1907	1908	1909	1910	1911
314	3	3	1909	1912	1913	1914	1915	1916	1917	1918	1919	1920	1921	1835	1834	1833	1832	1922	1923	1924	1925	1926	1927	1928	1929	1930	1911	1910
315	5	5	1931	1932	1914	1913	1912	1909	1908
316	3	3	1907	1906	1933	1934	1935	1936	1937	1938	1939	1940	1941	1942	1932	1931	1908
317	5	5	1943	1944	1945	1946	1947	1934	1933	1906	1905
318	5	5	1948	1949	1950	1951	1943	1905	1904
319	3	3	1902	1952	1953	1954	1955	1956	1957	1958	1959	1960	1961	1962	1963	1964	1965	1966	1948	1904	1903
320	5	5	1930	1929	1953	1952	1902	1911
321	5	5	1967	1968	1969	1970	1971	1972	1973	1845	1844	1974	1975
322	5	5	1976	1977	1978	1975	1974
323	5	5	1843	1979	1976	1974	1844
324	5	5	1980	1981	1982	1846	1845	1973
325	4	4	1971	1983	1984	1985	1986	1987	1988	1989	1990	1981	1980	1973	1972
326	5	5	1991	1992	1673	1672	1683	1682	1993	1984	1983	1971	1970
327	4	4	1968	1967	1994	1692	1691	1675	1674	1673	1992	1991	1970	1969
328	5	5	1975	1995	1693	1692	1994	1967
329	5	5	1436	1435	1430	1429	1432
330	5	5	1996	1997	1998	1999	2000	2001	2002	2003	2004
331	2	2	2002	2005	2006	2007	2008	2009	2010	2011	2012	2013	2014	2004	2003
332	5	5	2015	2016	2017	2018	2019	2020	2021	2022	2023	2024	2025	2006	2005	2002	2001
333	3	3	1999	2026	2027	2028	2029	2030	2031	2032	2033	2034	2016	2015	2001	2000
334	5	5	2035	2036	2026	1999	1998
335	3	3	1996	2037	2038	2039	2040	2041	2042	2043	2044	2045	2046	2035	1998	1997
336	5	5	2014	2047	2048	2049	2050	2051	2040	2039	2038	2037	1996	2004
337	5	5	2052	2053	2054	2055	2056	2057	2058	2017	2016	2034	2033	2059
338	5	5	2032	2031	2060	2061	2062	2063	779	778	787	786	785	2064	2065	2066	2059	2033
339	5	5	2067	2018	2017	2058
340	4	4	2056	2068	2069	2070	2071	2072	2073	2074	2075	2020	2019	2018	2067	2058	2057
341	5	5	2076	2077	2069	2068	2056	2055
342	4	4	2053	2052	2078	2079	2080	2081	2082	2083	2084	2077	2076	2055	2054
343	5	5	2066	2079	2078	2052	2059
344	5	5	2085	2086	2087	2088
345	3	3	2089	2090	2091	2092	2093	1405	1404	1403	1402	2094	2095	2096	2097	2098	2099	2100	2101	2102	2103	2088	2087
346	5	5	2104	2105	2090	2089	2087	2086
347	5	5	1745	1744	2104	2086	2085
348	5	5	2103	2102	2106	2107	2108	1734	1733	1732	1746	1745	2085	2088
349	5	5	2109	2110	2111	1206	1205	1204	2112	2113	2114
350	2	2	2112	2115	2116	2117	2118	2119	2120	2121	2122	2123	2124	2125	2126	2127	2114	2113
351	5	5	1203	1202	1211	1210	1221	1220	1219	1218	2128	2129	492	491	2130	2131	2132	2117	2116	2115	2112	1204
352	5	5	2133	2134	2135	2136	1208	1207	1206	2111
353	2	2	2109	2137	2138	2139	2140	2141	2142	2143	2134	2133	2111	2110
354	5	5	2127	2126	2144	2145	2146	2147	2148	2139	2138	2137	2109	2114
355	5	5	2149	2150	2151	2152	2153	2154	2155	2156	2157	2158	2159	2160
356	5	5	2161	2162	2163	1427	1426	1425	1424	1431	2160	2159
357	4	4	2157	2164	2165	2166	2167	2168	2163	2162	2161	2159	2158
358	5	5	2169	2170	2164	2157	2156
359	3	3	2154	2171	2172	2173	2174	2175	2170	2169	2156	2155
360	5	5	2176	2177	2178	2179	2180	2172	2171	2154	2153
361	4	4	2151	2150	2149	2181	2182	2183	2184	2185	2186	2187	2177	2176	2153	2152
362	5	5	1431	1430	1435	1434	1433	562	561	744	2181	2149	2160
363	5	5	764	763	762	2188	1778	1777	1776
364	5	5	2189	2190	2191	1780	1779	1778	2188
365	5	5	761	760	2192	2193	2189	2188	762
366	5	5	1775	1774	1773	2194	2195	2196	2197	2198	2199	2200	2201	2202	792	791	2203	2204	2205	2206	788	766	765	764	1776
367	5	5	2105	2207	2208	2209	2092	2091	2090
368	5	5	2210	2211	1397	1396	1395	1405	2093	2092	2209
369	4	4	2207	2212	2213	2214	2215	2216	2217	2218	2219	2220	2211	2210	2209	2208
370	5	5	2104	1744	1743	2221	2222	2213	2212	2207	2105
371	5	5	2223	2224	2225	2226	556	555	554	2227	2228	2229
372	3	3	2227	2230	2231	2232	2233	2234	440	439	438	2235	2229	2228
373	5	5	553	552	551	2236	2237	2238	2239	2240	2241	2242	2231	2230	2227	554
374	5	5	542	541	557	556	2226
375	5	5	586	543	542	2226	2225
376	4	4	2223	2243	2244	2245	2246	2247	588	587	586	2225	2224
377	5	5	2235	438	437	2248	2249	2244	2243	2223	2229
378	5	5	2250	2251	2252	2253	2254	2255	2256	2257	2258
379	5	5	817	816	815	2259	2258	2257
380	5	5	818	817	2257	2256
381	5	5	727	726	725	807	806	805	804	810	819	818	2256	2255
382	5	5	2260	2261	2262	714	713	712	719	718	717	728	727	2255	2254
383	5	5	2263	2264	2265	2266	2260	2254	2253
384	5	5	2267	2268	2263	2253	2252
385	2	2	2250	2269	2270	2271	2272	2273	2274	2275	2276	2277	2278	2279	2280	2281	2282	2268	2267	2252	2251
386	5	5	2259	2269	2250	2258
387	5	5	2283	2284	2285	2286	2287	2288	1869	1868	1875	2289
388	3	3	1874	1873	1848	1847	1846	1982	2290	2291	2292	2293	2294	2289	1875
389	4	4	2287	2295	2296	2297	2298	2299	2300	2301	2302	2303	2304	2305	2306	2307	2308	2309	1871	1870	1869	2288
390	5	5	2310	2296	2295	2287	2286
391	4	4	2284	2283	2311	2312	2313	2314	2315	2316	2317	2318	2319	2310	2286	2285
392	5	5	2294	2293	2320	2312	2311	2283	2289
393	5	5	2321	1322	1321	2322	2323
394	5	5	1563	1562	1561	2324	2325	2326	2323	2322
395	5	5	1320	1319	1565	1564	1563	2322	1321
396	5	5	2327	2328	2329	2330	1324	1323	1322	2321
397	5	5	2326	2331	2327	2321	2323
398	5	5	2332	2333	2334	2335	2336	2337	2338	2339
399	5	5	2340	2341	2339	2338
400	4	4	2336	2342	2343	2344	2345	2346	2347	2341	2340	2338	2337
401	5	5	2348	2349	2342	2336	2335
402	5	5	2350	2351	2348	2335	2334
403	3	3	2332	2352	2353	2354	2355	480	479	478	2356	2357	2358	2359	2360	2350	2334	2333
404	5	5	2341	2347	2346	2361	2362	2363	2364	2354	2353	2352	2332	2339
405	5	5	2365	2366	2367	2368	2369	2370	2371	2372	2373
406	5	5	2374	2375	2376	2373	2372
407	5	5	2377	2378	2379	2380	2374	2372	2371
408	4	4	2369	2368	2381	2382	2383	2384	2385	2378	2377	2371	2370
409	5	5	2386	2387	2388	2389	2390	2391	2382	2381	2368	2367
410	4	4	2365	2392	2393	1608	1607	1606	2394	2395	2396	2388	2387	2386	2367	2366
411	5	5	2376	1659	1658	1657	1656	1614	1613	2397	2398	1610	1609	2393	2392	2365	2373
412	5	5	514	2399	2400	2401	2402	2403	2404	2405	515
413	2	2	2404	2406	2407	2408	2409	2410	2411	2412	507	506	505	516	515	2405
414	5	5	2413	2414	2415	2416	2417	2418	2419	2407	2406	2404	2403
415	2	2	2401	2420	2421	2422	2423	2424	2425	2426	2427	2428	2429	2430	2431	2432	2433	2414	2413	2403	2402
416	5	5	2434	2435	2420	2401	2400
417	1	1	514	513	512	521	520	2436	1083	1070	1069	2437	2438	2439	2440	2441	2442	2443	2444	2445	2446	2434	2400	2399
418	5	5	2447	2448	2449	2450	1801	1800	1799
419	5	5	2451	2452	2453	1803	1802	1801	2450
420	5	5	2454	2455	2456	2457	2458	2459	2460	2461	2462	2451	2450	2449
421	4	4	2447	2463	1824	1823	1822	2464	2465	2466	2467	2468	2455	2454	2449	2448
422	5	5	1798	1824	2463	2447	1799
423	5	5	2469	2178	2177	2187	2186
424	3	3	2470	2471	2472	2473	2474	2475	2476	2477	2478	2479	2480	2481	2482	2483	2180	2179	2178	2469
425	5	5	2185	2184	2484	2485	2471	2470	2469	2186
426	5	5	2486	2487	2488	2489	2490	2491	2492
427	3	3	2490	2493	2494	2495	2496	2497	2498	2499	2500	2501	2502	2503	2504	2505	2506	2507	2492	2491
428	5	5	2508	2509	2494	2493	2490	2489
429	5	5	2510	2511	2512	2508	2489	2488
430	4	4	2486	2513	2514	2515	2516	2517	2518	2519	2520	2521	2522	2523	2511	2510	2488	2487
431	5	5	2507	2506	2524	2525	2526	2515	2514	2513	2486	2492
432	5	5	2527	2528	969	968	1901
433	5	5	1886	2529	2530	2531	2527	1901	1887
434	5	5	2532	2533	2534	2535	2536	2537	2538	2539	2540
435	4	4	2538	2541	2542	2543	2544	2545	2546	2540	2539
436	5	5	2547	2548	2542	2541	2538	2537
437	3	3	2535	2549	461	460	459	465	468	2550	2363	2362	2361	2551	2548	2547	2537	2536
438	5	5	812	811	462	461	2549	2535	2534
439	5	5	2552	2553	2554	2555	2271	2270	2269	2259	815	814	813	812	2534	2533
440	3	3	2556	2557	2558	2559	2560	2561	2562	2563	2564	2565	2566	2555	2554	2553	2552	2533	2532
441	5	5	2546	2557	2556	2532	2540
442	5	5	2567	1920	1919	1918	2568
443	5	5	1917	1916	2569	2570	2568	1918
444	5	5	2571	1836	1835	1921	1920	2567
445	5	5	2570	2572	2573	2571	2567	2568
446	5	5	2574	2575	2576	2577	2578	2579	2580	2581	2582	2583	240	239
447	3	3	2582	2584	2585	2586	225	224	223	222	230	232	234	242	241	240	2583
448	5	5	2587	2585	2584	2582	2581
449	2	2	2579	2588	2589	2590	2591	2592	2593	2594	2595	2596	2597	2598	228	227	226	2599	2587	2581	2580
450	5	5	2600	2601	2589	2588	2579	2578
451	5	5	2600	2578	2577
452	4	4	2575	2574	2602	2603	2604	2605	2606	2607	2608	2609	2601	2600	2577	2576
453	5	5	238	2610	2611	2612	2613	2614	2615	2616	2617	2618	2603	2602	2574	239
454	5	5	1681	1680	1679	607	606	605
455	5	5	1678	1677	615	614	610	609	608	607	1679
456	5	5	604	603	2619	2620	2621	2622	1993	1682	1681	605
457	5	5	2623	2624	2625	2626	2627
458	4	4	2625	2628	2629	2630	2631	2632	2633	2634	2635	2636	2627	2626
459	5	5	2637	2638	2639	2640	2641	2642	2643	2644	2629	2628	2625	2624
460	3	3	2645	2646	2647	2648	2649	2650	648	647	646	652	651	2651	2652	2638	2637	2624	2623
461	5	5	2636	2635	2653	2646	2645	2623	2627
462	5	5	2654	2655	2656	257	256
463	4	4	254	263	262	2657	2658	2659	2660	2655	2654	256	255
464	4	4	258	2661	2662	2663	2664	2665	2666	2667	2668	252	251	259
465	5	5	2656	2669	2670	2671	2672	2662	2661	258	257
466	5	5	2291	2290	1982	1981	1990	1989	1988
467	5	5	1987	2673	2674	2675	2676	2677	2678	2679	2680	2681	2682	2683	2292	2291	1988
468	3	3	364	2684	2685	2686	2687	2688	2689	357	356	355	365
469	5	5	2690	2691	377	376	2692	2693	372	371	2694	2695	2696	2697	2698	2699	2700	2701	2702	2703	2685	2684	364	363
470	4	4	361	380	379	378	377	2691	2690	363	362
471	5	5	2704	2705	2706	2707	2708	2709	2710
472	5	5	1480	1479	2711	2712	2713	2714	2710	2709
473	5	5	2715	2716	1467	1466	1465	1480	2709	2708
474	3	3	2706	2717	2718	2719	2720	2721	2722	2723	2724	2725	2726	2727	2728	2729	2730	2731	2732	2733	2734	2735	2716	2715	2708	2707
475	5	5	2736	2737	2717	2706	2705
476	4	4	2738	2739	2740	2741	2742	2743	2744	2745	2746	2747	2736	2705	2704
477	5	5	2714	2739	2738	2704	2710
478	5	5	2268	2282	2748	2749	2750	2751	2752	2753	2264	2263
479	5	5	2754	2755	2265	2264	2753
480	5	5	2756	2757	2758	2754	2753	2752
481	4	4	2750	2749	2748	2759	2760	2761	2762	2763	2764	2765	2756	2752	2751
482	5	5	2281	2280	2766	2767	2768	2760	2759	2748	2282
483	5	5	2100	2099	2098	2769	2770	2771	2772	2773
484	5	5	2774	2775	2776	2773	2772
485	5	5	50	49	2777	2774	2772	2771
486	5	5	2778	2779	2780	43	42	50	2771	2770
487	5	5	2781	2782	2783	2778	2770	2769
488	5	5	2097	2096	2781	2769	2098
489	5	5	2776	2106	2102	2101	2100	2773
490	5	5	1643	1642	1647	2784	2785
491	5	5	2786	2787	2788	2789	2785	2784
492	5	5	1646	1654	2790	2791	2786	2784	1647
493	5	5	2789	2792	2793	1644	1643	2785
494	5	5	2794	2795	1652	1651	1661	1660	1659	2376	2375
495	5	5	2380	2796	2797	2794	2375	2374
496	5	5	1271	1270	1269	2798	2799	2800	1530	1529	1528
497	5	5	2801	1532	1531	1530	2800
498	3	3	2798	2802	2803	2804	2805	2806	2807	2808	2809	2810	2811	613	612	611	619	618	617	2812	2813	2814	2815	2801	2800	2799
499	5	5	1268	2803	2802	2798	1269
500	5	5	1527	1526	1273	1272	1271	1528
501	5	5	1569	1568	2816	2817
502	5	5	2818	2819	2820	2821	2817	2816
503	5	5	1567	2822	2823	2824	2818	2816	1568
504	5	5	2821	1570	1569	2817
505	5	5	1127	1136	1135	1114	1113
506	5	5	1134	1133	2825	677	676	675	1115	1114	1135
507	5	5	2826	248	247	2667	2666	2665	2827
508	5	5	2664	2663	2662	2672	2828	2829	2830	2827	2665
509	5	5	246	252	2668	2667	247
510	4	4	2826	2611	2610	238	237	236	244	249	248
511	5	5	2830	2831	2832	2613	2612	2826	2827
512	5	5	1267	2833	2805	2804	2803	1268
513	4	4	2524	2834	2835	2836	2837	2838	2839	2840	2841	2842	2843	2844	2526	2525
514	5	5	2505	2504	2845	2846	2835	2834	2524	2506
515	5	5	2844	2843	2847	1806	1805	1804	1803	2453	2518	2517	2516	2515	2526
516	5	5	2848	2849	1363	1362	2850
517	5	5	1033	1032	1031	2851	2852	2853	2854	2855	2856	2850	1362
518	2	2	2848	2857	2858	2859	2860	2861	2862	2863	2864	2865	2866	2867	2868	1366	1365	1361	1360	1359	1364	1363	2849
519	5	5	2856	2869	2870	2871	2872	2873	2874	2875	2876	2877	2878	2879	2880	2858	2857	2848	2850
520	5	5	2837	2836	2835	2846	2881	2882
521	5	5	2883	2884	2885	2886	2887	2882	2881
522	5	5	2845	2888	2889	2883	2881	2846
523	5	5	2887	2890	2839	2838	2837	2882
524	5	5	2891	2892	2893	2083	2082	2894
525	5	5	2081	2080	2079	2066	2065	2895	2896	2897	2894	2082
526	5	5	2071	2070	2069	2077	2084	2083	2893
527	5	5	2898	2899	2900	2022	2021	2074	2073	2072	2071	2893	2892
528	3	3	2901	2902	2903	2904	2905	2906	2907	2908	2909	2910	2898	2892	2891
529	5	5	2897	2911	2912	2902	2901	2891	2894
530	5	5	2913	2914	2915	2916	2917	2918	2919	2920	2921
531	3	3	2919	2922	2923	2924	2925	2926	2927	2928	2929	2930	2931	2932	2933	2934	2921	2920
532	5	5	2935	2936	2923	2922	2919	2918
533	4	4	2916	2937	2938	2939	2940	2941	2936	2935	2918	2917
534	5	5	2942	2943	2937	2916	2915
535	3	3	2913	2944	2945	2946	2947	2948	2949	2950	2951	2952	2953	2954	2955	2956	2957	2958	2959	2943	2942	2915	2914
536	5	5	2934	2933	2960	2961	2962	2963	2964	2965	2966	2967	2946	2945	2944	2913	2921
537	5	5	2968	2969	2970	2971	2972	2631	2630	2629	2644
538	3	3	2642	2641	2973	2974	2975	2976	2977	2978	1179	1178	1177	1176	2979	2980	2981	2982	2983	2984	2969	2968	2644	2643
539	5	5	2985	2974	2973	2641	2640
540	5	5	2986	1163	1162	1161	2987	2985	2640	2639
541	5	5	2652	2651	2988	2986	2639	2638
542	4	4	193	205	211	210	2989	2990	2991	2992	2993	2994	195	194
543	3	3	202	201	2995	2996	2997	2998	2999	187	186	185	184	203
544	5	5	3000	3001	3002	3003	3004	3005	3006	3007	3008	3009	3010	2995	201	200
545	4	4	198	197	196	3011	3001	3000	200	199
546	5	5	2994	2993	3002	3001	3011	196	195
547	5	5	3012	3013	3014	3015	3016	937	936
548	5	5	3017	3018	3019	939	938	937	3016
549	5	5	3020	3021	3022	3017	3016	3015
550	5	5	3023	3024	3020	3015	3014
551	3	3	3012	87	86	85	91	93	96	3025	3026	3027	3028	3029	3030	3031	3032	3033	3024	3023	3014	3013
552	5	5	935	88	87	3012	936
553	1	1	489	500	499	3034	3035	3036	3037	3038	3039	3040	2132	2131	2130	491	490
554	2	2	492	2129	2128	3041	3042	477	476	475	487	486	485	493
555	4	4	2265	2755	2754	2758	2757	3043	3044	3045	3046	3047	3048	2262	2261	2260	2266
556	5	5	1518	1517	1516	3049	3050	3051	3052	3053	3054	3055	3056	3057	3058
557	5	5	3059	3060	3061	3062	3058	3057
558	5	5	3063	3064	3065	3059	3057	3056
559	2	2	3054	3066	3067	3068	3069	3070	3071	3072	3073	3074	3075	3076	3077	3078	3079	3080	3081	3082	3083	3063	3056	3055
560	5	5	3084	3085	3086	3087	3088	3067	3066	3054	3053
561	4	4	3051	3050	3089	3090	3091	3092	3085	3084	3053	3052
562	5	5	1515	1514	1513	1539	1538	1537	1536	3093	3094	3095	3096	3097	3098	3099	3100	3090	3089	3050	3049
563	5	5	1515	3049	1516
564	5	5	3062	3101	3102	3103	1519	1518	3058
565	5	5	155	154	3104	3105
566	5	5	3106	3107	3108	3109	3105	3104
567	5	5	153	3110	3111	3112	3113	3106	3104	154
568	5	5	3109	3114	3115	156	155	3105
569	5	5	3116	3117	3118	2867	2866
570	5	5	3119	3120	1367	1366	2868	2867	3118
571	3	3	3121	3122	3123	3124	3125	3126	3127	3128	3129	3130	3131	3132	3133	3134	3135	3136	3137	3138	3139	3140	3141	3142	3143	3120	3119	3118	3117
572	5	5	2147	2146	3144	3122	3121	3117	3116
573	5	5	2865	2864	2148	2147	3116	2866
574	5	5	3145	3146	3147	3148	3149	3150
575	3	3	3148	3151	3152	3153	3154	3155	3156	3157	3158	3159	3160	3161	3162	3163	3164	3165	3150	3149
576	5	5	3166	3167	3168	3152	3151	3148	3147
577	2	2	3145	3169	3170	3171	3172	3173	3174	3175	3176	3177	3178	3167	3166	3147	3146
578	5	5	3165	3164	3179	601	600	599	3171	3170	3169	3145	3150
579	5	5	724	723	808	807	725
580	5	5	2529	3180	3181	3182	2530
581	5	5	3183	3184	3185	3186	2531	2530	3182
582	5	5	3187	3188	3189	3190	3183	3182	3181
583	5	5	3191	3192	3193	1889	1888	1900	1899	3194	3195	3196	3197	3198	3187	3181	3180
584	5	5	1886	1885	3199	3191	3180	2529
585	5	5	172	3200	3201	3202	173
586	3	3	3201	3203	3204	3205	3206	3207	3208	3209	3210	3211	3212	3213	3214	175	174	173	3202
587	5	5	3215	3216	3217	3218	3219	3220	3221	3222	3223	3224	3203	3201	3200
588	3	3	171	170	169	182	191	190	189	3216	3215	3200	172
589	5	5	3225	3047	3046	3045	3044	2764	2763	2762	702	701	700	710	716	715
590	5	5	2761	2760	2768	3226	3227	3228	3229	3230	3231	3232	2927	2926	2925	734	733	732	731	706	705	704	703	702	2762
591	5	5	3043	2757	2756	2765	2764	3044
592	5	5	715	714	2262	3048	3047	3225
593	5	5	3233	3234	3235	3236	3237	3238	3239	3240	3241	3242	3243	3244	3245	3246	3247	3248
594	5	5	3249	3250	3251	3252	3253	3254	3255	3233	3248	3247
595	3	3	3245	3244	3243	3242	3256	3257	3258	3259	3260	3261	3262	3250	3249	3247	3246
596	5	5	3263	3257	3256	3242	3241
597	5	5	3264	3265	3266	3267	3268	3269	3270	3271	3263	3241	3240
598	5	5	3272	217	216	3273	3274	3264	3240	3239
599	4	4	3237	3236	3275	3276	209	208	207	213	220	219	218	217	3272	3239	3238
600	5	5	3277	3003	3002	2993	2992	2991	2990	3276	3275	3236	3235
601	4	4	3233	3255	3254	3278	3279	3006	3005	3004	3003	3277	3235	3234
602	5	5	1175	3280	3281	3282	3283	3284	2980	2979	1176
603	5	5	3285	3286	3287	2982	2981	2980	3284
604	4	4	3282	3288	2702	2701	2700	2699	2698	3289	3286	3285	3284	3283
605	5	5	3290	3291	2688	2687	2686	2703	2702	3288	3282	3281
606	4	4	1175	1174	351	350	349	348	359	358	3292	3291	3290	3281	3280
607	5	5	3293	3210	3209	3208	3207	3294	3295	3296	1949	1948	1966	1965	1964
608	4	4	3295	3294	3297	3298	3299	3300	1951	1950	1949	3296
609	5	5	3206	3205	3301	3302	3303	3304	3305	3298	3297	3294	3207
610	5	5	3306	3307	3308	3309	3310	3311	3312	3212	3211	3210	3293
611	5	5	1963	1962	1961	3313	3314	3315	3316	3317	3318	3306	3293	1964
612	5	5	1539	1513	1512	1522
613	5	5	1937	1936	1935	1947	1946	3319	3320	3321	3322	3323
614	5	5	3324	3325	3326	3327	3328	3323	3322
615	5	5	3329	3330	3331	3332	3333	3334	3324	3322	3321
616	5	5	3335	3336	3337	3338	3339	3340	3329	3321	3320
617	4	4	1946	1945	1944	3341	3342	3337	3336	3335	3320	3319
618	5	5	1934	1947	1935
619	5	5	3328	3343	3344	3345	1939	1938	1937	3323
620	5	5	3346	3347	1639	1638
621	3	3	1636	1645	1644	2793	2792	2789	2788	3348	3349	3350	3351	3352	3353	3354	3355	3356	3346	1638	1637
622	3	3	1640	3357	3358	3359	3360	3361	3362	3363	3364	3365	3366	3367	1635	1634	1641
623	5	5	3347	3368	3369	3357	1640	1639
624	5	5	3370	3371	2787	2786	2791
625	1	1	1654	1653	1652	2795	2794	2797	3372	3373	3374	1102	1101	1100	1099	3375	3376	1062	1061	1060	3377	3378	3379	3371	3370	2791	2790
626	5	5	3380	3381	3382	3383
627	5	5	3384	3385	1497	1496	1495	3386	3387	3383	3382
628	4	4	3380	3388	3389	3390	3391	3392	3393	3394	3395	3396	3385	3384	3382	3381
629	5	5	3387	3397	3388	3380	3383
630	5	5	2889	3398	3399	3400	2884	2883
631	5	5	3401	3402	3403	3404	2885	2884	3400
632	5	5	3405	3406	1959	1958	1957	3401	3400	3399
633	3	3	2889	2888	3407	3408	3409	3410	3411	3412	3406	3405	3399	3398
634	5	5	3413	1104	1103	3414
635	5	5	1102	3374	3373	3414	1103
636	3	3	3415	2796	2380	2379	3416	3417	3418	3419	3420	3421	3422	3423	3424	1106	1105	1104	3413
637	5	5	3373	3372	2797	2796	3415	3413	3414
638	5	5	639	638	3425	3426	3427
639	3	3	3428	3429	3430	3431	3432	3433	3434	3435	3436	3437	3438	3439	3440	3441	3442	3443	3444	3445	3446	3447	3448	3427	3426
640	5	5	3449	3450	3430	3429	3428	3426	3425
641	5	5	637	636	2725	2724	2723	2722	3449	3425	638
642	5	5	3448	3451	3452	641	640	639	3427
643	5	5	1961	1960	1959	3406	3412	3411	892	891	3453	3313
644	4	4	891	890	889	888	887	3454	3455	3316	3315	3314	3313	3453
645	5	5	3410	3409	3408	2502	2501	2500	2499	2498	3456	3457	3458	923	922	3459	3460	3461	898	897	3462	3463	893	892	3411
646	5	5	3464	3465	3466	3467
647	3	3	3468	3469	3470	3471	3472	3473	3474	3475	114	113	118	3476	133	132	131	3477	3478	3479	3480	3481	3482	3483	3484	3485	3486	3467	3466
648	5	5	3487	3488	3469	3468	3466	3465
649	3	3	3489	3490	3491	3492	3493	3494	3495	3496	3497	3498	3499	3500	3501	3502	3503	3504	3505	3506	3487	3465	3464
650	5	5	3486	3485	3489	3464	3467
651	5	5	3186	3507	3508	3509	2528	2527	2531
652	5	5	3510	3511	3512	3513	2880	2879
653	5	5	3514	1237	1236	1235	3515	2142	2141	2140	2862	2861	2860	2859	2858	2880	3513
654	5	5	1241	1240	1239	3514	3513	3512
655	5	5	3516	3517	1243	1242	1241	3512	3511
656	5	5	3518	3519	3520	3521	3522	3523	3524	3525	3526	3527	3516	3511	3510
657	5	5	2878	3518	3510	2879
658	5	5	551	550	1423	3528	2236
659	2	2	1423	1422	1421	3529	3530	3531	3532	3533	3534	3535	2238	2237	2236	3528
660	5	5	3536	3537	3538	3539	3540
661	5	5	3541	971	970	969	2528	3509	3540	3539
662	5	5	3542	3543	3544	3545	3546	3547	3541	3539	3538
663	4	4	3536	3548	3508	3507	3186	3185	3184	3549	3550	3551	3543	3542	3538	3537
664	5	5	3509	3508	3548	3536	3540
665	5	5	3144	2146	2145	3125	3124
666	5	5	2144	3552	3127	3126	3125	2145
667	5	5	3123	3122	3144	3124
668	5	5	3553	3554	3555	3556	3557	3558	3559	2819	2818	2824
669	4	4	2822	3560	3561	3562	3563	3564	3565	3555	3554	3553	2824	2823
670	5	5	1566	1565	1319	1318	1317	3561	3560	2822	1567
671	5	5	209	3276	2990	2989	210
672	5	5	3064	3063	3083	3082	3566
673	5	5	3081	3080	3567	3568	3566	3082
674	5	5	3568	3569	3570	3065	3064	3566
675	4	4	3310	3571	3572	3573	3574	3575	3312	3311
676	5	5	3576	3577	3578	3579	3580	3572	3571	3310	3309
677	4	4	3307	3306	3318	3317	3581	3577	3576	3309	3308
678	5	5	3575	3574	3582	3583	3584	3214	3213	3212	3312
679	5	5	3585	3586	3587	1473	1472	1471	3588
680	5	5	1470	2733	2732	2731	3588	1471
681	5	5	3589	3590	3591	3592	3593	3594	3595	3596	1475	1474	1473	3587
682	3	3	3585	3597	3598	3599	3600	3601	3602	3590	3589	3587	3586
683	5	5	2731	2730	2729	3603	3597	3585	3588
684	2	2	301	3604	3605	3606	3607	3608	3609	3610	3611	3612	3613	3614	3615	292	291	290	298	297	302
685	5	5	306	3616	3617	3605	3604	301	300
686	5	5	1590	3618	3619	3620	1592	1591
687	2	2	3619	3621	3622	3623	3624	3625	335	334	333	344	343	1593	1592	3620
688	5	5	3440	3439	3438	3626	3621	3619	3618
689	5	5	1589	3627	3442	3441	3440	3618	1590
690	5	5	357	2689	2688	3291	3292	358
691	5	5	3628	3629	3630	3631	3632	2166	2165	2164	2170	2175	2174	2173	2483	2482	2481	3633	3634	3635	3636	2694	371	370
692	1	1	368	367	382	388	387	3637	3638	3639	3640	3629	3628	370	369
693	4	4	374	373	372	2693	2692	376	375
694	5	5	3641	3397	3387	3386	3642	3643	3644	3645
695	4	4	3643	3642	3646	3647	3648	3649	3650	3103	3102	3101	3651	3645	3644
696	5	5	1495	1494	3647	3646	3642	3386
697	5	5	3061	3060	3652	3390	3389	3388	3397	3641
698	5	5	3651	3101	3062	3061	3641	3645
699	5	5	2385	2384	2383	2391	2390	3653	3654	3655	3656	3657	3658	3659	3418	3417	3416	2379	2378
700	2	2	47	53	52	55	57	62	61	3660	3661	3662	3663	3664	3665	3666	3667	3668	3669	3670	3671	3672	3673	3674	3675	2775	2774	2777	49	48
701	5	5	53	47	46
702	2	2	3676	3677	3678	3679	3680	3681	3682	3683	3684	3685	842	841	840	846	845	3686	3687	3688	1543	1542	1541	1540	1544
703	5	5	1507	3677	3676	1544	1508
704	5	5	3689	3690	1245	1244	1243	3517
705	3	3	3527	3526	3525	3691	2196	2195	2194	3692	3693	3694	3689	3517	3516
706	5	5	420	429	3695	3696	3697	411	410
707	3	3	413	412	3698	3699	404	403	402	414
708	5	5	3697	3698	412	411
709	3	3	1308	3700	3701	3702	3703	3616	306	305	304	309	311	320	319	1358	1357	1310	1309
710	5	5	1331	3700	1308	1307
711	5	5	2904	2903	2902	2912	3704	3705	3706	3707	3708	3709	3710	3711	3712
712	5	5	3713	3714	3592	3591	3715	3712	3711
713	5	5	3716	3717	3718	3719	3713	3711	3710
714	4	4	3708	3707	3706	3705	3720	3721	3722	3717	3716	3710	3709
715	5	5	3723	3724	3721	3720	3705	3704
716	5	5	2911	3725	3726	3727	3728	3729	3730	3731	3732	3723	3704	2912
717	5	5	3715	2906	2905	2904	3712
718	5	5	2863	2862	2140	2139	2148	2864
719	5	5	1770	1769	1747	1788
720	5	5	1787	3690	3689	3694	3693	1772	1771	1770	1788
721	5	5	519	518	523	527
722	5	5	1074	1073	1083	2436	520	519	527	526
723	5	5	3733	3734	3735	3736	3737	3569	3568	3567
724	5	5	3738	3739	3740	3741	3742	3743	3744	3393	3392	3391	3390	3652	3570	3569	3737
725	4	4	3735	3745	3746	3747	3748	3740	3739	3738	3737	3736
726	5	5	3749	3333	3332	3750	3751	3752	3747	3746	3745	3735	3734
727	4	4	3753	3754	3755	3756	3327	3326	3325	3324	3334	3333	3749	3734	3733
728	5	5	3080	3079	3078	3757	3758	3759	3755	3754	3753	3733	3567
729	5	5	3760	3761	3762	3763	3764	3765	3766
730	5	5	3767	3768	3769	3770	3771	3772	3773	2951	2950	3766	3765
731	3	3	3763	3774	3775	777	776	775	3776	3777	3778	3768	3767	3765	3764
732	5	5	3779	3774	3763	3762
733	3	3	3760	3780	3781	3782	3783	3784	3785	3786	3787	3788	2191	2190	2189	2193	2192	3789	3790	3779	3762	3761
734	5	5	2950	2949	2948	3781	3780	3760	3766
735	5	5	917	916	915	914	3791	3792	3793	3794	3795	3796	3797	3798	3107	3106	3113
736	5	5	3799	3800	3801	3802	3803	3804	3805	1184	920	919	918	917	3113	3112
737	3	3	3110	153	152	151	161	167	166	165	3806	3807	3808	3809	3800	3799	3112	3111
738	5	5	3376	3375	1099	1098	3810	1051	1050	1049
739	5	5	3811	3812	3813	1053	1052	1051	3810
740	5	5	1097	1125	1124	1123	3811	3810	1098
741	5	5	1048	1047	1063	1062	3376	1049
742	5	5	2427	2426	3814
743	5	5	2425	2424	3815	3816	3138	3137	3136	3814	2426
744	5	5	3136	3135	2429	2428	2427	3814
745	5	5	3817	3818	3819	3820	3821	275	274	3822
746	5	5	273	3823	3824	3825	3822	274
747	3	3	3820	3826	3827	3828	3829	3830	3831	3832	3833	3834	3835	3836	3837	3838	267	266	265	277	276	275	3821
748	5	5	3839	3840	3827	3826	3820	3819
749	4	4	3817	3841	3842	3843	3844	3845	3846	3840	3839	3819	3818
750	5	5	3825	3847	3848	3849	3850	3842	3841	3817	3822
751	4	4	901	900	899	3461	3460	3459	922	921
752	5	5	3791	914	913	912	925
753	2	2	923	3458	3457	3851	3852	3853	3854	3855	3856	3857	3793	3792	3791	925	924
754	2	2	2063	2062	2061	3858	3859	3860	3861	3862	774	773	772	771	779
755	5	5	3863	3864	3865	3866	3867	3868	3869	3870	3871	3872	3873	3874	3875	1349	1348	1347	3876	3877	3878	3879	3880	3881
756	4	4	3879	3878	3877	3876	3882	3881	3880
757	5	5	1346	1345	3883	3884	3885	3886	3887	3888	3863	3881	3882	3876	1347
758	5	5	3889	3890	1350	1349	3875
759	3	3	3873	3872	3891	3892	3893	3894	3558	3557	3556	3895	3890	3889	3875	3874
760	5	5	3896	3897	3898	3899	3900	3901	3902	3892	3891	3872	3871
761	4	4	3869	3868	3867	3903	3904	3905	3897	3896	3871	3870
762	5	5	3906	3907	3908	2737	2736	2747	2746	2745	3904	3903	3867	3866
763	3	3	3864	3863	3888	3887	3909	3910	3911	3912	3913	3914	3915	3907	3906	3866	3865
764	5	5	2685	2703	2686
765	5	5	2815	3916	1534	1533	1532	2801
766	5	5	1864	1863	1862	3917	3918	3919	3920	3921	3922	3923
767	5	5	3924	3925	3926	3352	3351	3350	3927	3923	3922
768	5	5	3928	3929	3930	3924	3922	3921
769	5	5	3931	3932	3933	3934	3928	3921	3920
770	5	5	3935	3936	3937	3931	3920	3919
771	2	2	3917	3938	3939	3940	3941	3942	795	794	793	792	2202	2201	3943	3935	3919	3918
772	5	5	1861	1860	1859	3938	3917	1862
773	5	5	3927	3944	1866	1865	1864	3923
774	5	5	2331	3945	2328	2327
775	5	5	3946	2329	2328	3945
776	3	3	2326	2325	2324	3947	3948	3949	3950	3951	3952	3953	3954	3955	3956	3957	3958	3959	3960	3961	3946	3945	2331
777	5	5	2571	2573	3962	1141	1140	1152	1151	1836
778	5	5	1837	1923	1922	1832	1831
779	5	5	3963	3964	3965	3966	3967	2670	2669	3968	3969	3970	3971	3972	3973	3974
780	4	4	3972	3971	3975	3976	3977	3978	3979	3980	3974	3973
781	5	5	3981	3982	3976	3975	3971	3970
782	4	4	3968	3983	3984	3985	3986	3987	3988	3989	3990	3982	3981	3970	3969
783	5	5	2656	2655	2660	2659	3984	3983	3968	2669
784	3	3	3966	3991	3992	3993	2829	2828	2672	2671	2670	3967
785	5	5	3994	3995	3996	874	873	872	871	838	837	836	835	3997	3992	3991	3966	3965
786	4	4	3963	3998	3999	4000	869	868	867	866	4001	3995	3994	3965	3964
787	5	5	3980	3979	3978	4002	3999	3998	3963	3974
788	5	5	4003	4004	3273	216	215	228	2598
789	4	4	4003	4005	4006	3266	3265	3264	3274	3273	4004
790	5	5	2597	2596	4007	4008	3267	3266	4006	4005	4003	2598
791	5	5	4009	4010	4011	3850	3849
792	3	3	3847	4012	282	281	287	286	295	294	293	4013	4014	4015	4016	4017	4018	4019	4020	4010	4009	3849	3848
793	5	5	3824	4021	283	282	4012	3847	3825
794	5	5	4011	4022	4023	3844	3843	3842	3850
795	5	5	1478	4024	2711	1479
796	2	2	1478	1477	1447	1446	1445	1451	1450	1282	1281	1280	4025	4026	4027	4028	4029	4030	4031	2713	2712	2711	4024
797	5	5	3438	3437	3436	3624	3623	3622	3626
798	5	5	3621	3626	3622
799	5	5	3435	3434	4032	4033	4034	336	335	3625	3624	3436
800	5	5	859	858	857	1288	1287	1286
801	5	5	856	855	1289	1288	857
802	5	5	1285	1284	861	860	859	1286
803	5	5	141	4035	4036	4037	142
804	3	3	4036	4038	127	126	125	124	136	144	143	142	4037
805	5	5	128	127	4038	4036	4035
806	2	2	140	139	4039	4040	4041	4042	3108	3107	3798	3797	3796	3795	4043	4044	4045	4046	4047	4048	130	129	128	4035	141
807	5	5	4049	37	36	4050
808	3	3	35	34	44	43	2780	2779	2778	2783	4051	4052	4053	4054	4055	4056	4057	4058	4050	36
809	2	2	4059	4060	4061	4062	4063	4064	4065	4066	4067	4068	4069	4070	4071	4072	4073	4074	4075	22	21	20	31	30	29	38	37	4049
810	5	5	4058	4057	4059	4049	4050
811	5	5	4076	4077	3086	3085	3092	3091	3100	3099	4078	4079	4080	3095	3094	4081	4082	4083	4084	4085	4086	4087
812	5	5	4088	4089	4090	4083	4082	665	664	683	682	681	4087	4086
813	4	4	4084	4083	4090	4089	4088	4086	4085
814	3	3	3094	3093	4091	4092	4093	4094	4095	4096	4097	4098	4099	667	666	665	4082	4081
815	4	4	4079	4078	3099	3098	3097	3096	3095	4080
816	5	5	3090	3100	3091
817	3	3	4076	4100	1139	1138	1137	1141	3962	2573	2572	4101	4102	4103	4104	4105	3088	3087	3086	4077
818	5	5	681	680	679	2825	1133	1132	1131	1130	1129	1139	4100	4076	4087
819	5	5	3350	3349	3348	3379	3378	3377	3944	3927
820	5	5	3377	1060	1059	1867	1866	3944
821	5	5	1726	3669	3668	3667	4106	1727
822	5	5	4107	4108	4109	1705	1704	1703	1727	4106
823	5	5	3666	4110	4111	4107	4106	3667
824	5	5	1725	1738	1737	1736	2108	2107	4112	3672	3671	3670	3669	1726
825	5	5	4113	4114	2619	603	602
826	4	4	4113	4115	4116	4117	4118	4119	4120	4121	2622	2621	2620	2619	4114
827	5	5	601	3179	4116	4115	4113	602
828	5	5	4122	4123	4124	2349	2348	2351
829	5	5	2360	2359	2358	2357	3042	3041	2128	1218	1217	1216	1215	4125	4122	2351	2350
830	5	5	1811	1810	4126	4127	4128	1925	1924	1923	1837	1812
831	5	5	4129	4130	3498	3497	3496
832	5	5	4131	4132	4133	4134	4135	4136	3499	3498	4130
833	5	5	4137	4138	4139	4131	4130	4129
834	5	5	3495	3494	4137	4129	3496
835	5	5	3666	3665	4140	4141	4110
836	1	1	4140	4142	4143	4144	4145	4146	4147	956	955	954	4148	4149	4150	4151	3547	3546	3545	4152	4153	4154	4155	4156	4157	4158	4159	4160	4161	4162	4163	4164	4165	4109	4108	4107	4111	4110	4141
837	5	5	3664	3663	4166	4143	4142	4140	3665
838	5	5	3505	3504	3503	4167	3474	3473	3472
839	5	5	108	107	114	3475	3474	4167
840	5	5	3502	3501	4168	109	108	4167	3503
841	5	5	3471	3470	3488	3487	3506	3505	3472
842	5	5	473	472	4169	481	480	2355	2354	2364
843	5	5	2550	468	467	473	2364	2363
844	5	5	2345	2344	2544	2543	2542	2548	2551	2361	2346
845	5	5	4170	1758	1757	4171	4172
846	2	2	1757	1756	1755	1768	1767	4173	4174	4175	2966	2965	2964	4176	4177	4178	4179	4180	4181	4182	4183	4184	4172	4171
847	3	3	4185	4186	4187	4188	4189	4190	4191	4192	4193	1761	1760	1759	1758	4170
848	5	5	4184	4183	4194	2563	2562	2561	2560	4195	4187	4186	4185	4170	4172
849	5	5	4196	4197	4198	2998	2997	2996	2995	3010	4199	4200	4201	4202	4203	4204	4205	3330	3329	3340
850	4	4	3338	4206	4207	4208	4209	4210	4211	4212	4198	4197	4196	3340	3339
851	5	5	3342	3341	3305	3304	4213	4214	4208	4207	4206	3338	3337
852	4	4	157	4215	4216	4217	4218	149	148	147	146	158
853	5	5	3115	4219	4216	4215	157	156
854	5	5	4220	3894	3893	3892	3902	4221	4222	4223	4224
855	5	5	4225	4226	4227	4228	4229	4224	4223
856	4	4	4221	4230	4231	4232	4233	4234	4235	4226	4225	4223	4222
857	5	5	3901	4236	4231	4230	4221	3902
858	5	5	4237	3559	3558	3894	4220
859	5	5	4229	4238	1586	1585	4237	4220	4224
860	4	4	470	483	482	481	4169	472	471
861	5	5	4239	3718	3717	3722	3721	3724
862	4	4	3732	3731	4240	4241	4242	4243	4244	4245	4246	4247	4248	4249	4239	3724	3723
863	5	5	4250	3287	3286	3289	2698	2697
864	2	2	2695	2694	3636	3635	3634	3633	4251	4252	4253	4254	4255	4256	4250	2697	2696
865	5	5	4257	4258	4259	2895	2065	2064
866	5	5	784	783	4260	4261	4262	4263	4264	4265	4266	4257	2064	785
867	5	5	2029	2028	2027	2026	2036	2046	2045	2044	2043	4267	4268	4269	4270	4271	4272	4273	4274	4275	4276	4277	4278	3859	3858	2061	2060
868	5	5	2030	2029	2060	2031
869	5	5	3156	3155	3154	4279	4280	4281	4282
870	5	5	4283	4284	4285	4286	4282	4281
871	4	4	4279	4287	4288	4289	4290	4291	4292	4293	4294	4284	4283	4281	4280
872	5	5	3153	3152	3168	3729	3728	4295	4296	4297	4298	4299	4300	4301	4288	4287	4279	3154
873	5	5	4286	4302	4303	3157	3156	4282
874	5	5	4304	2896	2895	4259
875	3	3	4257	4266	4265	4297	4296	4295	3728	3727	3726	3725	4305	4304	4259	4258
876	5	5	4155	4154	1628	1627	1626
877	5	5	4153	4152	4306	4307	4308	1630	1629	1628	4154
878	5	5	1625	1624	4309	1715	1714	1713	4157	4156	4155	1626
879	5	5	4310	1264	1263	1262
880	5	5	2808	2807	4311	1266	1265	1264	4310
881	5	5	1261	4312	4313	2811	2810	2809	2808	4310	1262
882	5	5	3470	3469	3488
883	5	5	4314	3929	3928	3934
884	5	5	4315	4316	4317	4314	3934	3933
885	3	3	3931	3937	3936	4318	3521	3520	3519	3518	2878	2877	2876	2875	4319	4315	3933	3932
886	5	5	2651	651	650	2988
887	5	5	649	656	1163	2986	2988	650
888	5	5	4320	4321	4322	4323
889	5	5	4324	4325	4326	4323	4322
890	5	5	3132	3131	4324	4322	4321
891	5	5	2433	2432	2431	3134	3133	3132	4321	4320
892	5	5	4326	4327	4328	4329	2415	2414	2433	4320	4323
893	5	5	1955	1954	1953	1929	1928	1927	4330
894	5	5	1926	1925	4128	4331	4330	1927
895	5	5	4331	4332	4333	3402	3401	1957	1956	1955	4330
896	5	5	102	4334	4335	3027	3026	103
897	5	5	3025	96	95	98	103	3026
898	5	5	4336	4337	4338	4339	4340	4341	4342	4343	3030	3029	3028	3027	4335
899	5	5	4344	4345	4346	4347	4348	4349	4350	4336	4335	4334
900	3	3	101	100	105	111	110	109	4168	4351	4345	4344	4334	102
901	5	5	4352	4353	3129	3128	3127	3552
902	5	5	4354	4355	4356	4357	3130	3129	4353
903	5	5	4358	4359	4360	4361	4354	4353	4352
904	5	5	2144	2126	2125	4358	4352	3552
905	5	5	2565	2564	2563	4194	4181	4180	4179	2275	2274	2273
906	5	5	4178	4177	4362	4363	4364	2277	2276	2275	4179
907	5	5	4183	4182	4181	4194
908	5	5	2272	2271	2555	2566	2565	2273
909	4	4	4126	4365	4366	4367	4368	4369	4370	3404	3403	3402	4333	4332	4331	4128	4127
910	5	5	1809	1808	4365	4126	1810
911	5	5	1502	1501	1500	4371	4372	4373	4374	4375
912	5	5	4376	4377	4375	4374
913	4	4	4372	4378	3270	3269	3268	4379	4380	4381	4382	4377	4376	4374	4373
914	5	5	4383	3271	3270	4378	4372	4371
915	5	5	1499	1498	1497	3385	3396	3395	3394	3744	3743	4384	3251	3250	3262	3261	3260	3259	4383	4371	1500
916	5	5	4377	4382	4381	4380	4008	4007	1503	1502	4375
917	5	5	3685	3684	3683	4385	4386	4387	4388	2831	2830	2829	3993	3992	3997
918	4	4	4387	4386	4389	4390	4391	2616	2615	2614	2613	2832	2831	4388
919	5	5	4392	2606	2605	2604	2618	2617	4390	4389	4386	4385
920	5	5	3682	3681	4392	4385	3683
921	5	5	835	834	833	842	3685	3997
922	5	5	3493	3492	3491	3794	3793	3857
923	5	5	3490	3489	3485	3484	3483	4393	4043	3795	3794	3491
924	5	5	3856	3855	3854	4394	4395	4396	4397	4138	4137	3494	3493	3857
925	5	5	1247	1246	1245	3690	1787	1786
926	5	5	1754	1753	1227	1226	1248	1247	1786
927	5	5	3908	4398	2719	2718	2717	2737
928	5	5	1942	1941	3074	3073	3072	2569	1916	1915	1914	1932
929	5	5	3033	3032	4399	4400	4401	3021	3020	3024
930	5	5	4402	4403	4404	2042	2041	2040	2051	4405	4406	4407
931	5	5	4408	4409	4410	4411	4412	4413	4414	4415	4407	4406
932	4	4	2051	2050	2049	4416	4417	4418	4419	4410	4409	4408	4406	4405
933	5	5	4420	4267	2043	2042	4404
934	4	4	4402	4421	4422	4423	4424	4269	4268	4267	4420	4404	4403
935	5	5	4415	4425	4426	4427	4428	4429	4423	4422	4421	4402	4407
936	5	5	267	3838	3837	4430	268
937	5	5	2658	2657	262	261	268	4430
938	5	5	3836	4431	3987	3986	3985	3984	2659	2658	4430	3837
939	5	5	1555	1554	851	850	849	4432
940	5	5	848	847	869	4000	3999	4002	4433	4432	849
941	5	5	1553	1552	1578	4434	4435	853	852	851	1554
942	5	5	4433	3951	3950	3949	1558	1557	1556	1555	4432
943	5	5	3483	3482	4436	4393
944	5	5	4437	4045	4044	4043	4393	4436
945	5	5	3481	3480	4437	4436	3482
946	5	5	3479	3478	4047	4046	4045	4437	3480
947	5	5	4438	4439	4440	4441	2673	1987	1986	1985	1984	1993	2622	4121	4120
948	4	4	4440	4439	4438	4442	4443	2674	2673	4441
949	5	5	4119	4118	4444	4445	2675	2674	4443	4442	4438	4120
950	5	5	4446	4447	4448	4449	4450
951	5	5	4451	4452	4453	4400	4399	4454	4450	4449
952	5	5	4455	4456	4451	4449	4448
953	3	3	4446	4457	4342	4341	4340	4458	4459	4397	4396	4395	4460	4461	4462	4463	4464	4465	4466	4456	4455	4448	4447
954	5	5	4454	4343	4342	4457	4446	4450
955	5	5	1858	1857	3940	3939	3938	1859
956	5	5	3142	3141	4467	991	990
957	5	5	3139	3138	3816	992	991	4467
958	5	5	3140	3139	4467	3141
959	5	5	989	988	1367	3120	3143	3142	990
960	5	5	4118	4117	4116	3179	3164	3163	3162	4444
961	5	5	3161	3160	4445	4444	3162
962	5	5	1895	1894	1893	1892	4468	4469	4470	4471	4472	4473	4474	4475	4476	4477
963	4	4	4475	4478	4479	4480	4481	4482	4483	4484	4485	4486	4487	4477	4476
964	5	5	4488	4489	4479	4478	4475	4474
965	3	3	4472	4471	4490	4491	4492	4493	4494	4495	4496	4497	4498	4499	4489	4488	4474	4473
966	5	5	4500	4501	4491	4490	4471	4470
967	2	2	4468	4502	977	976	975	4503	4504	4505	4506	4507	4508	4501	4500	4470	4469
968	5	5	1891	1890	961	960	959	977	4502	4468	1892
969	5	5	4487	4486	4485	4509	4510	4511	4512	4513	4514	4515	4516	4517	4518	4519	4520	3194	1899	1898	1897	1896	1895	4477
970	5	5	3946	3961	3960	3608	3607	2330	2329
971	5	5	3607	3606	3605	3617	4521	1326	1325	1324	2330
972	5	5	1535	1534	3916	4093	4092	4091	3093	1536
973	2	2	3929	4314	4317	4316	4522	4523	4524	4525	4526	4527	4528	3926	3925	3924	3930
974	5	5	4529	4023	4022	3957	3956	3955
975	5	5	4011	4010	4020	4019	4018	3611	3610	3609	3959	3958	3957	4022
976	5	5	4530	3830	3829	3828	3846	3845	3844	4023	4529
977	5	5	3954	3953	4531	4530	4529	3955
978	5	5	4096	4095	2813	2812	617	616	1688
979	5	5	1690	1689	4098	4097	4096	1688	1687
980	3	3	73	72	71	76	83	82
981	5	5	2343	2342	2349	4124	2558	2557	2546	2545	2544	2344
982	5	5	4532	4533	4534	4535	4536	4537	4538	4539
983	2	2	4537	4540	4541	4542	4543	4544	4545	4546	398	397	396	4547	4539	4538
984	5	5	4548	4549	427	426	4550	4551	441	440	2234	2233	4543	4542	4541	4540	4537	4536
985	4	4	4552	3696	3695	429	428	427	4549	4548	4536	4535
986	5	5	4553	405	404	3699	3698	3697	3696	4552	4535	4534
987	3	3	4532	395	394	393	392	406	405	4553	4534	4533
988	5	5	4547	396	395	4532	4539
989	5	5	2976	2975	2974	2985	2987
990	5	5	1161	1160	1159	2977	2976	2987
991	5	5	4554	4555	4556	2676	2675	4445	3160	3159	3158	3157	4303
992	4	4	4557	4558	4559	2679	2678	2677	2676	4556	4555	4554	4303	4302
993	5	5	4285	4558	4557	4302	4286
994	5	5	2586	2599	226	225
995	4	4	283	4021	3824	3823	273	272	271	270	279	284
996	4	4	1611	1610	2398	2397	1613	1612
997	5	5	2393	1609	1608
998	5	5	1633	2395	2394	1606	1605
999	5	5	2441	2440	2439	4560	4561	4562
1000	5	5	4563	4564	4565	4566	4567	4562	4561
1001	5	5	4568	1081	1080	1079	4563	4561	4560
1002	5	5	2438	4568	4560	2439
1003	5	5	4567	4569	2443	2442	2441	4562
1004	5	5	949	948	947	957	4146	4145	4570	4571
1005	5	5	4166	3663	3662	3661	4571	4570
1006	5	5	4144	4143	4166	4570	4145
1007	5	5	956	4147	4146	957
1008	5	5	3661	3660	61	60	951	950	949	4571
1009	5	5	863	1297	3687	3686	845	844
1010	5	5	3547	4151	4150	972	971	3541
1011	5	5	4572	4573	4574	3369	3368	4575
1012	5	5	3347	3346	3356	3355	4576	4575	3368
1013	5	5	4577	4578	4579	4580	3361	3360	3359	3358	3357	3369	4574
1014	3	3	4572	4581	4582	2855	2854	2853	2852	2851	4583	4584	4585	4578	4577	4574	4573
1015	5	5	4576	4586	2869	2856	2855	4582	4581	4572	4575
1016	4	4	3462	897	896	895	894	893	3463
1017	5	5	899	898	3461
1018	5	5	3852	3851	3457	3456
1019	5	5	2497	2496	2495	2494	2509	4495	4494	4493	4587	4588	4589	4590	4591	4592	4593	4464	4463	4462	4461	4394	3854	3853	3852	3456	2498
1020	5	5	3407	2888	2845	2504	2503	2502	3408
1021	5	5	1543	3688	3687	1297	1296
1022	5	5	3190	4307	4306	3544	3543	3551	3550	3549	3184	3183
1023	5	5	2168	2167	2166	3632	4594	4595	4596	1420	1419	1428	1427	2163
1024	5	5	4597	4598	4599	4600	4601	4602	4603	4604	4605
1025	5	5	4606	4607	2468	2467	2466	4605	4604
1026	5	5	4608	4606	4604	4603
1027	4	4	4601	4609	4610	4611	4612	4613	4614	4615	2459	2458	2457	2456	4616	4607	4606	4608	4603	4602
1028	5	5	4617	3657	3656	4618	4619	4620	4621	4622	4623	4624	4625	4610	4609	4601	4600
1029	3	3	4598	4597	4626	4627	4628	4629	3659	3658	3657	4617	4600	4599
1030	5	5	2466	2465	2464	1822	1821	4630	4631	4626	4597	4605
1031	5	5	1273	1526	1525	1274
1032	5	5	3367	3366	1617	1616	1635
1033	5	5	2633	2632	2631	2972	4632	4633	4634	4635	4636	4637	4638	4639	4640
1034	3	3	4638	4641	4642	4643	4644	4645	4646	4647	4648	4649	4640	4639
1035	5	5	4650	4651	4652	4653	4254	4253	4252	4654	4655	4656	4657	4658	4659	4660	4642	4641	4638	4637
1036	4	4	4635	4661	4662	4663	4653	4652	4651	4650	4637	4636
1037	5	5	4664	4662	4661	4635	4634
1038	4	4	4632	2972	2971	2970	4665	4666	4664	4634	4633
1039	5	5	4649	4648	2653	2635	2634	2633	4640
1040	5	5	149	4218	4217	4216	4219	4040	4039	139	138
1041	5	5	2953	2952	2951	3773
1042	5	5	4667	4668	3769	3768	3778	3777	3776	3861	3860	3859	4278	4669	4670	4671	4672	2955	2954	2953	3773	3772
1043	4	4	3770	3769	4668	4667	3772	3771
1044	4	4	4658	4673	4674	4675	4676	4677	4678	4679	4680	4681	4660	4659
1045	5	5	4682	4683	4674	4673	4658	4657
1046	4	4	4655	4654	4684	4685	4683	4682	4657	4656
1047	5	5	4251	3633	2481	2480	2479	4676	4675	4674	4683	4685	4684	4654	4252
1048	5	5	4663	4662	4664	4666	4665	2970	2969	2984	2983	2982	3287	4250	4256	4255	4254	4653
1049	5	5	4681	4680	4686	4687	4644	4643	4642	4660
1050	5	5	3034	499	498	4688	4689	4690
1051	3	3	4688	497	496	495	503	510	509	508	4691	4692	4693	4690	4689
1052	5	5	497	4688	498
1053	5	5	4693	4692	3035	3034	4690
1054	5	5	2833	1267	1266	4311
1055	5	5	2806	2805	2833	4311	2807
1056	5	5	668	667	4099	4098	1689
1057	5	5	3862	3861	3776	775	774
1058	5	5	3775	3774	3779	3790	3789	758	757	756	777
1059	5	5	799	4694	4695	4696	4697	4260	783	782	781
1060	5	5	4698	4261	4260	4697
1061	5	5	4699	4700	4701	4702	4703	4704	4705	4292	4291	4290	4706	4707	4708	4709	4710	4698	4697	4696
1062	5	5	4711	4712	2316	2315	2314	2313	2312	2320	4713	4714	4715	4716	4699	4696	4695
1063	2	2	799	798	797	796	4717	4718	4719	4720	4721	4722	4712	4711	4695	4694
1064	5	5	1292	1291	4723	4724	4725	4726
1065	3	3	4724	4727	4728	4435	4434	1578	1577	1576	4729	4730	4731	4732	4733	4726	4725
1066	5	5	4727	4724	4723
1067	5	5	1290	1289	855	854	853	4435	4728	4727	4723	1291
1068	5	5	4733	4732	4731	4730	4734	4028	4027	4026	4025	1294	1293	1292	4726
1069	5	5	4014	4013	293	292	3615	3614
1070	5	5	3613	4016	4015	4014	3614
1071	5	5	2611	2826	2612
1072	5	5	4380	4379	3268	3267	4008
1073	5	5	2595	2594	2593	1505	1504	1503	4007	2596
1074	5	5	1030	1029	1381	4735	4736	4737	4738	4739	4740	4741	4584	4583	2851	1031
1075	4	4	1741	1740	4742	4743	4744	2222	2221	1743	1742
1076	5	5	1720	1719	1718	4745	4746	4747	2219	2218	2217	2216	2215	4743	4742	1740	1739
1077	5	5	1721	1720	1739	1722
1078	5	5	1732	1731	1746
1079	5	5	1470	1469	2734	2733
1080	5	5	1468	1467	2716	2735	2734	1469
1081	4	4	4229	4228	4227	4748	4749	4750	1588	1587	1586	4238
1082	5	5	1584	2820	2819	3559	4237	1585
1083	5	5	2184	2183	2182	2181	744	743	742	741	4411	4410	4419	4418	4417	2484
1084	5	5	4416	2049	2048	2485	2484	4417
1085	5	5	740	739	4751	4412	4411	741
1086	3	3	4360	4752	4753	4754	4755	4756	4757	4758	4759	4760	2418	2417	2416	4761	4329	4328	4327	4762	4763	4355	4354	4361
1087	5	5	2123	2122	2121	4753	4752	4360	4359
1088	5	5	2125	2124	2123	4359	4358
1089	5	5	4461	4460	4395	4394
1090	5	5	4459	4764	4765	4766	4767	4768	4139	4138	4397
1091	5	5	3059	3065	3570	3652	3060
1092	5	5	4710	4262	4261	4698
1093	4	4	4709	4708	4707	4301	4300	4299	4298	4769	4264	4263	4262	4710
1094	5	5	4370	4369	2890	2887	2886
1095	5	5	3404	4370	2886	2885
1096	5	5	1015	1014	1013	1005	1004	4770
1097	5	5	1003	4770	1004
1098	5	5	1012	1007	1006	1005	1013
1099	5	5	1003	1002	1001	1017	1016	1015	4770
1100	5	5	3108	4042	3114	3109
1101	5	5	4041	4040	4219	3115	3114	4042
1102	5	5	4771	4772	1388	1387	4773	4774	3363	3362	3361	4580
1103	5	5	4775	4776	1621	1620	1619	3365	3364	3363	4774
1104	2	2	1387	1386	1385	4777	4778	4747	4746	4745	4779	4780	4781	4782	4783	4776	4775	4774	4773
1105	4	4	4771	4784	4740	4739	4738	4737	1390	1389	1388	4772
1106	5	5	4579	4741	4740	4784	4771	4580
1107	5	5	2947	2946	2967	4785	3784	3783	3782	3781	2948
1108	4	4	4591	4590	4589	4588	4786	4787	4788	4789	4593	4592
1109	5	5	4790	4791	4466	4465	4464	4593	4789	4788	4787	4786	4588	4587
1110	5	5	4492	4491	4501	4508	4507	4792	4790	4587	4493
1111	5	5	2508	2512	4793	4496	4495	2509
1112	5	5	1979	3813	3812	1977	1976
1113	5	5	4794	4795	1995	1975	1978
1114	5	5	3812	3811	1123	1122	1121	4794	1978	1977
1115	5	5	4796	1187	1186	4797	3582	3574	3573	3572	3580
1116	3	3	3578	4798	4799	1189	1188	1187	4796	3580	3579
1117	5	5	3581	3317	3316	3455	3454	887	886	907	4799	4798	3578	3577
1118	5	5	1356	1355	4800	1334	1333
1119	5	5	4800	4801	1314	1313	1312	1334
1120	5	5	2775	3675	3674	4112	2107	2106	2776
1121	5	5	1520	3649	3648	3647	1494	1493	1492	1511
1122	5	5	2815	2814	2813	4095	4094	4093	3916
1123	5	5	4802	3515	1235	1234	1233
1124	5	5	2135	2134	2143	2142	3515	4802
1125	5	5	1232	1231	2136	2135	4802	1233
1126	5	5	44	34	33	40
1127	5	5	4052	4051	2783	2782	4803	4804
1128	5	5	2095	2094	1402	1401	1408	4804	4803
1129	5	5	2781	2096	2095	4803	2782
1130	5	5	1408	1407	4805	4053	4052	4804
1131	5	5	4806	4807	3217	3216	189	188
1132	5	5	2999	2998	4198	4212	4211	4808	4809	4810	4806	188	187
1133	5	5	3379	3348	2788	2787	3371
1134	5	5	4398	4811	2721	2720	2719
1135	5	5	3915	3914	3450	3449	2722	2721	4811
1136	5	5	3908	3907	3915	4811	4398
1137	5	5	503	502	510
1138	5	5	2412	2411	3036	3035	4692	4691	508	507
1139	5	5	1227	1753	1752	1763	1228
1140	5	5	1762	1223	1222	1228	1763
1141	5	5	4812	2409	2408	2407	2419
1142	5	5	4760	4759	4813	4812	2419	2418
1143	5	5	4329	4761	2416	2415
1144	5	5	4578	4585	4584	4741	4579
1145	5	5	2047	2475	2474	2473	2472	2471	2485	2048
1146	5	5	4795	1119	1118	1117	1694	1693	1995
1147	5	5	2308	2307	2306	1852	1851	1850	1872
1148	5	5	2305	4814	1855	1854	1853	1852	2306
1149	5	5	1871	2309	2308	1872
1150	5	5	4596	4815	4816	4817	3530	3529	1421	1420
1151	5	5	2220	2219	4747	4778	4777	1399	1398	1397	2211
1152	5	5	3168	3167	3178	4243	4242	4241	3730	3729
1153	5	5	2897	2896	4304	4305	3725	2911
1154	5	5	4241	4240	3731	3730
1155	5	5	3477	131	130	4048
1156	5	5	4047	3478	3477	4048
1157	5	5	4818	4819	4820	4821	4822	4823	3007	3006	3279	3278	3254	3253	3252	4824	4825	4826	3741	3740	3748	3747	3752
1158	4	4	3750	3332	3331	3330	4205	4204	4203	4202	4820	4819	4818	3752	3751
1159	5	5	3959	3609	3608	3960
1160	5	5	1079	1078	1077	4827	4828	4564	4563
1161	5	5	4072	4071	4070	4829	4569	4567	4566
1162	5	5	4830	4831	24	23	4074	4073	4072	4566	4565
1163	5	5	4828	4832	4830	4565	4564
1164	5	5	1327	1326	4521
1165	5	5	3616	3703	3702	1329	1328	1327	4521	3617
1166	4	4	1883	1882	1889	3193	3192	3191	3199	1885	1884
1167	5	5	4792	4833	4453	4452	4791	4790
1168	5	5	4452	4451	4456	4466	4791
1169	5	5	1979	1843	1054	1053	3813
1170	5	5	4149	973	972	4150
1171	5	5	4160	4159	1711	1710	4834
1172	5	5	1709	4163	4162	4834	1710
1173	5	5	4158	4157	1713	1712	1711	4159
1174	5	5	4162	4161	4160	4834
1175	5	5	4066	4065	4064	4063	1021	1020	1019	4835
1176	5	5	1018	1017	1001	1000	999	4836	4835	1019
1177	5	5	4062	4837	4838	1409	1022	1021	4063
1178	5	5	4836	4839	4840	4068	4067	4066	4835
1179	5	5	4294	4293	4841	4705	4704	4842	4843	4844	4845	4716	4715	4846	4847	2680	2679	4559	4558	4285	4284
1180	5	5	161	160	167
1181	5	5	4848	4849	3806	165	164
1182	2	2	180	179	178	177	176	3584	3583	3582	4797	1186	1185	4850	3805	3804	3803	3802	4851	4852	4853	4854	4849	4848	164	163
1183	5	5	2014	2013	2012	2011	2010	4687	4686	4680	4679	4678	4677	2477	2476	2475	2047
1184	5	5	2727	2726	2725	636	635	4855
1185	5	5	634	633	4856	4855	635
1186	5	5	4856	3603	2729	2728	2727	4855
1187	5	5	1238	1237	3514	1239
1188	5	5	644	643	1166	1165	1164	653
1189	5	5	654	653	1164
1190	5	5	642	641	3452	4857	4858	1168	1167	1166	643
1191	5	5	4233	4232	4231	4236	4859	4860	4030	4029	4028	4734
1192	5	5	4861	4862	2741	2740	2739	2714	2713	4031	4030	4860
1193	4	4	4236	3901	3900	3899	3898	4863	4864	4865	4862	4861	4860	4859
1194	5	5	4730	4729	4749	4748	4227	4226	4235	4234	4233	4734
1195	5	5	3134	2431	2430	2429	3135
1196	5	5	759	758	3789	2192	760
1197	5	5	598	597	596	595	4313	4312	4866
1198	5	5	1261	1260	1259	1449	1462	1461	1460	1459	4866	4312
1199	5	5	594	613	2811	4313	595
1200	5	5	1459	1458	1457	3173	3172	3171	599	598	4866
1201	5	5	4763	4762	4327	4326	4325	4357	4356
1202	5	5	4324	3131	3130	4357	4325
1203	5	5	4355	4763	4356
1204	5	5	4839	4836	999	998	997
1205	5	5	996	995	994	3815	2424	2423	2422	4867	2446	2445	2444	2443	4569	4829	4840	4839	997
1206	5	5	3807	3806	4849	4854	4853
1207	5	5	4852	4868	3808	3807	4853
1208	5	5	4869	2197	2196	3691	3525	3524
1209	4	4	3522	4870	2200	2199	2198	2197	4869	3524	3523
1210	5	5	4318	3936	3935	3943	2201	2200	4870	3522	3521
1211	5	5	4871	1410	1409	4838
1212	5	5	4872	4056	4055	4054	4053	4805	4871	4838	4837
1213	5	5	4061	4060	4872	4837	4062
1214	5	5	1506	1505	2593	2592	2591	4873	3679	3678	3677	1507
1215	5	5	4874	4875	3220	3219	4876	4808	4211	4210	4209	4208	4214	4877	3301	3205	3204	3203	3224
1216	4	4	3222	3221	3220	4875	4874	3224	3223
1217	4	4	3217	4807	4806	4810	4809	4808	4876	3219	3218
1218	5	5	4814	2305	2304	2303	4878	4719	4718	4717	796	795	3942	3941
1219	5	5	2301	2300	4879	4721	4720	4719	4878
1220	5	5	2302	2301	4878	2303
1221	5	5	3940	1857	1856	1855	4814	3941
1222	4	4	4825	4824	3252	3251	4384	3743	3742	3741	4826
1223	4	4	4822	4880	4200	4199	3010	3009	3008	3007	4823
1224	5	5	4820	4202	4201	4200	4880	4822	4821
1225	4	4	4846	4715	4714	4713	4881	2683	2682	2681	2680	4847
1226	4	4	4844	4843	4842	4704	4703	4702	4701	4700	4699	4716	4845
1227	5	5	4293	4292	4705	4841
1228	5	5	4506	4505	4882	4883	4833	4792	4507
1229	5	5	4059	4057	4056	4872	4060
1230	5	5	2410	2409	4812	4813	4884	3038	3037	3036	2411
1231	5	5	59	66	951	60
1232	5	5	3905	3904	2745	2744	2743	4864	4863	3898	3897
1233	5	5	1159	1158	1179	2978	2977
1234	5	5	1407	1406	1410	4871	4805
1235	5	5	4368	4367	4885	2842	2841	2840	2839	2890	4369
1236	5	5	4306	4152	3545	3544
1237	5	5	4290	4289	4288	4301	4707	4706
1238	5	5	1354	1353	4801	4800	1355
1239	5	5	1353	1352	1351	1350	3890	3895	3556	3555	3565	3564	3563	1316	1315	1314	4801
1240	5	5	4192	4191	4190	4125	1215	1214	1213	1224
1241	5	5	4189	4188	4187	4195	4123	4122	4125	4190
1242	5	5	1223	1762	1761	4193	4192	1224
1243	5	5	3801	3800	3809	3808	4868
1244	5	5	4851	3802	3801	4868	4852
1245	5	5	3072	3071	3070	4102	4101	2572	2570	2569
1246	5	5	3069	4104	4103	4102	3070
1247	5	5	974	973	4149	4148	954	953
1248	5	5	1316	3563	3562	3561	1317
1249	3	3	4828	4827	15	14	13	25	24	4831	4830	4832
1250	5	5	4886	4887	4498	4497	4496	4793
1251	5	5	2511	2523	2522	4886	4793	2512
1252	5	5	4611	4610	4625	4888
1253	5	5	4624	4889	4516	4515	4890	4888	4625
1254	5	5	4890	4891	4613	4612	4611	4888
1255	5	5	1231	1230	1229	1209	1208	2136
1256	5	5	3982	3990	3989	4892	3835	3834	3833	3832	4531	3953	3952	3951	4433	4002	3978	3977	3976
1257	5	5	3831	3830	4530	4531	3832
1258	5	5	3989	3988	3987	4431	3836	3835	4892
1259	5	5	4769	4298	4297	4265	4264
1260	5	5	3068	3067	3088	4105	4104	3069
1261	5	5	4017	4016	3613	3612	3611	4018
1262	5	5	1116	1115	675	674	673	685	694	693	1695	1694	1117
1263	5	5	4794	1121	1120	1119	4795
1264	5	5	1345	1344	4893	3883
1265	5	5	4894	4895	4896	4897	3884	3883	4893
1266	5	5	1343	1342	4898	4899	4900	4894	4893	1344
1267	5	5	1047	1046	1045	1063
1268	4	4	1379	1394	1393	1392	1391	4901	4736	4735	1381	1380
1269	5	5	1717	4780	4779	4745	1718
1270	5	5	2214	2213	2222	4744	4743	2215
1271	5	5	4075	4074	23	22
1272	5	5	27	31	20	19
1273	5	5	3445	3444	3443	4902	4858	4857
1274	5	5	3451	3447	3446	3445	4857	3452
1275	5	5	4902	3627	1589	1169	1168	4858
1276	5	5	4895	4894	4900	4903	4904
1277	3	3	4900	4899	4898	4905	317	316	315	314	331	330	329	4906	4904	4903
1278	5	5	4906	329	328	4907	4908	325	324	4909	4910	4911	4912	4913	4914	4896	4895	4904
1279	5	5	692	1695	693
1280	5	5	943	942	941	4915	4916	4917	4504	4503	975
1281	5	5	4882	4505	4504	4917
1282	3	3	4915	4918	3019	3018	3017	3022	3021	4401	4400	4453	4833	4883	4882	4917	4916
1283	5	5	940	939	3019	4918	4915	941
1284	5	5	2608	2607	2606	4392	3681	3680	3679	4873
1285	5	5	2590	2589	2601	2609	2608	4873	2591
1286	5	5	1783	1782	1781	3788	3787
1287	5	5	1780	2191	3788	1781
1288	5	5	3786	1784	1783	3787
1289	5	5	4246	4245	3177	3176	3175	4919
1290	5	5	3174	3173	1457	1456	1455	1454	4920	4921	4922	3719	3718	4239	4249	4248	4247	4919	3175
1291	5	5	4244	4243	3178	3177	4245
1292	5	5	4247	4246	4919
1293	4	4	4131	4139	4768	4767	4766	4923	4924	4925	4133	4132
1294	5	5	4926	4346	4345	4351	4168	3501	3500	3499	4136
1295	4	4	4134	4927	4928	4348	4347	4346	4926	4136	4135
1296	5	5	4925	4924	4929	4930	4931	4932	4349	4348	4928	4927	4134	4133
1297	2	2	399	4933	4934	4935	4936	386	385	384	390	400
1298	5	5	4546	4545	4937	4938	4939	2239	2238	3535	3534	4935	4934	4933	399	398
1299	5	5	3424	3423	3422	1143	1142	1108	1107
1300	5	5	3424	1107	1106
1301	5	5	2908	2907	2906	3715	3591	3590	3602	3601	3600	631	630	629	628	4940
1302	5	5	627	626	648	2650	4940	628
1303	5	5	3599	632	631	3600
1304	5	5	2650	2649	2648	4941	4942	4943	2899	2898	2910	2909	2908	4940
1305	5	5	4672	4944	4275	4274	4945	4426	4425	2958	2957	2956	2955
1306	5	5	4415	4414	4946	4947	4948	4949	4950	4951	2939	2938	2937	2943	2959	2958	4425
1307	4	4	4274	4273	4272	4271	4270	4429	4428	4427	4426	4945
1308	4	4	4672	4671	4670	4669	4278	4277	4276	4275	4944
1309	5	5	4750	4749	4729	1576	1575	1582	1581	1588
1310	5	5	1572	1571	1570	2821	2820	1584	1583
1311	5	5	3692	2194	1773	1772	3693
1312	5	5	3365	1619	1618	1617	3366
1313	5	5	4952	4887	4886	2522	2521	2520	2452	2451	2462
1314	5	5	4953	4952	2462	2461
1315	5	5	4954	4955	4953	2461	2460
1316	5	5	4615	4614	4891	4890	4515	4514	4956	4957	4958	4510	4509	4954	2460	2459
1317	5	5	2468	4607	4616	2456	2455
1318	5	5	1785	1784	3786	3785	3784	4785	4174	4173	1767	1766
1319	5	5	4383	3259	3258	3257	3263	3271
1320	5	5	4765	4764	4930	4929
1321	5	5	4923	4766	4765	4929	4924
1322	4	4	4931	4959	4338	4337	4336	4350	4349	4932
1323	5	5	4764	4459	4458	4339	4338	4959	4931	4930
1324	5	5	4960	4937	4545	4544	4543	2233	2232	2231	2242
1325	3	3	2240	2239	4939	4938	4937	4960	2242	2241
1326	5	5	1940	1939	3345	4961	4962	3076	3075	3074	1941
1327	5	5	4856	633	632	3599	3598	3597	3603
1328	5	5	1295	1294	4025	1280	1279
1329	5	5	1450	1257	1256	1255	1282
1330	5	5	4827	1077	1076	16	15
1331	5	5	3650	3649	1520	1519	3103
1332	5	5	2293	2292	2683	4881	4713	2320
1333	5	5	4722	4721	4879	2298	2297	2296	2318	2317	2316	4712
1334	5	5	3190	3189	4963	2389	2388	2396	2395	1633	1632	1631	4308	4307
1335	5	5	1631	1630	4308
1336	4	4	4922	4921	4920	4964	4965	3595	3594	3593	3592	3714	3713	3719
1337	5	5	3828	3827	3840	3846
1338	5	5	723	722	721	720	585	584	583	588	2247	2246	2245	4966	4967	4968	447	446	809	808
1339	2	2	4967	4966	2249	2248	437	436	435	434	433	447	4968
1340	5	5	2244	2249	4966	2245
1341	3	3	424	423	422	442	441	4551	4550	426	425
1342	4	4	430	419	418	417	431
1343	5	5	1385	1384	1400	1399	4777
1344	5	5	3232	4969	4970	4971	3228	3227	4972	4973	4974	4975	2928	2927
1345	5	5	2929	2928	4975
1346	5	5	4976	4977	4978	4979	4980	2931	2930	2929	4975	4974
1347	5	5	4981	4982	2766	2280	2279	4976	4974	4973
1348	4	4	3227	3226	2768	2767	2766	4982	4981	4973	4972
1349	4	4	4970	4969	3232	3231	3230	3229	3228	4971
1350	5	5	4424	4423	4429	4270	4269
1351	5	5	2035	2046	2036
1352	5	5	4829	4070	4069	4068	4840
1353	5	5	3393	3744	3394
1354	5	5	4485	4484	4483	4482	4955	4954	4509
1355	5	5	4481	4480	4479	4489	4499	4498	4887	4952	4953	4955	4482
1356	5	5	1951	3300	3299	3298	3305	3341	1944	1943
1357	5	5	3421	3420	4629	4628	4627	4626	4631	4983	1818	1817	1829	1828	1827	1146	1145	1144	1143	3422
1358	5	5	176	175	3214	3584
1359	5	5	4782	4781	4780	1717	1716	1715	4309
1360	5	5	1624	1623	1622	1621	4776	4783	4782	4309
1361	5	5	1433	563	562
1362	5	5	1341	1340	4905	4898	1342
1363	4	4	3304	3303	3302	3301	4877	4214	4213
1364	5	5	2936	2941	2940	2939	4951	737	736	735	734	2925	2924	2923
1365	5	5	4950	4984	4985	4751	739	738	737	4951
1366	3	3	336	4034	4033	4986	4987	4910	4909	324	323	322	337
1367	5	5	121	134	3476	118	117
1368	5	5	3756	3755	3759	4988	3343	3328	3327
1369	5	5	3432	3431	3430	3450	3914	3913	3912
1370	5	5	3911	4032	3434	3433	3432	3912
1371	5	5	3447	3451	3448
1372	5	5	1330	1329	3702	3701	3700	1331
1373	5	5	317	4905	1340	1339	1338	318
1374	5	5	3947	2324	1561	1560
1375	5	5	1559	1558	3949	3948	3947	1560
1376	4	4	4942	4941	2025	2024	2023	2022	2900	2899	4943
1377	5	5	2647	2646	2653	4648	4647	4646	2008	2007	2006	2025	4941	2648
1378	3	3	3197	3196	3195	4989	4619	4618	3656	3655	3654	3653	2390	2389	4963	3189	3188	3187	3198
1379	5	5	4520	4620	4619	4989	3195	3194
1380	5	5	2604	2603	2618
1381	5	5	4391	4390	2617	2616
1382	5	5	1708	1707	4164	4163	1709
1383	4	4	4985	4984	4950	4949	4948	4947	4946	4414	4413	4412	4751
1384	4	4	4512	4511	4510	4958	4957	4956	4514	4513
1385	4	4	4518	4517	4516	4889	4624	4623	4622	4621	4620	4520	4519
1386	4	4	326	325	4908	4907	328	327
1387	5	5	314	313	331
1388	5	5	3926	4528	4527	3353	3352
1389	5	5	4526	4525	4586	4576	3355	3354	3353	4527
1390	5	5	4645	4644	4687	2010	2009	2008	4646
1391	5	5	2966	4175	4174	4785	2967
1392	5	5	3042	2357	2356	478	477
1393	5	5	2438	2437	1069	1068	1071	1082	1081	4568
1394	5	5	2120	2119	4755	4754	4753	2121
1395	5	5	2559	2558	4124	4123	4195	2560
1396	5	5	4165	4164	1707	1706	1705	4109
1397	5	5	2483	2173	2172	2180
1398	5	5	2119	2118	2117	2132	3040	3039	3038	4884	4758	4757	4756	4755
1399	5	5	4813	4759	4758	4884
1400	5	5	4524	4523	2870	2869	4586	4525
1401	5	5	4990	4991	2871	2870	4523	4522	4316	4315	4319	2875	2874
1402	3	3	2872	2871	4991	4990	2874	2873
1403	5	5	2599	2586	2585	2587
1404	5	5	4910	4987	4986	4033	4032	3911	3910	3909	3887	3886	4992	4911
1405	4	4	3886	3885	3884	4897	4896	4914	4913	4912	4911	4992
1406	5	5	3032	3031	3030	4343	4454	4399
1407	5	5	4613	4891	4614
1408	5	5	4366	4365	1808	1807	1806	2847	4885	4367
1409	5	5	2847	2843	2842	4885
1410	5	5	3533	3532	3531	3639	3638	3637	387	386	4936	4935	3534
1411	5	5	2478	2477	4677	4676	2479
1412	5	5	4965	4964	4920	1454	1453	1464	1476	1475	3596
1413	5	5	4965	3596	3595
1414	5	5	4993	3757	3078	3077	3076	4962
1415	4	4	3345	3344	3343	4988	3759	3758	3757	4993	4962	4961
1416	5	5	4994	2961	2960	4980	4979
1417	4	4	4977	4995	4996	4364	4363	4362	2963	2962	2961	4994	4979	4978
1418	5	5	2279	2278	2277	4364	4996	4995	4977	4976
1419	5	5	2960	2933	2932	2931	4980
1420	5	5	1662	1661	1651	1650
1421	5	5	4340	4339	4458
1422	5	5	3442	3627	4902	3443
1423	5	5	2452	2520	2519	2518	2453
1424	5	5	2742	2741	4862	4865	4864	2743
1425	5	5	3674	3673	3672	4112
1426	5	5	1735	1734	2108	1736
1427	5	5	4817	3630	3629	3640	3639	3531	3530
1428	4	4	4816	4815	4596	4595	4594	3632	3631	3630	4817
1429	5	5	4362	4177	4176	2964	2963
1430	5	5	2434	2446	4867	2422	2421	2420	2435
1431	5	5	994	993	992	3816	3815
1432	5	5	4629	3420	3419	3418	3659
1433	5	5	2382	2391	2383
1434	5	5	4850	1185	1184	3805
1435	5	5	906	905	1189	4799	907
1436	5	5	2020	2075	2074	2021
1437	5	5	4001	4997	876	875	874	3996	3995
1438	5	5	3476	134	133
1439	5	5	877	876	4997	4001	866	865
1440	4	4	1821	1820	1819	1818	4983	4631	4630
1441	5	5	1830	1829	1817	1816
1442	5	5	679	678	677	2825
1443	5	5	4901	1391	1390	4737	4736
1444	5	5	730	708	707	706	731
1445	5	5	2299	2298	4879	2300
1446	5	5	2319	2318	2296	2310
1447	4	4	789	788	2206	2205	2204	2203	791	790
