0	1	1	0	1	2	3	4	5	6	7	8	9	10	11	12	13	14	15	16
1	1	1	17	18	19	20	21	22	23	24	25	26	27	28	29	30	31	32	33	34	35	36	37	38
2	2	2	39	40	41	42	43	44	45	46	47	48	49	50	51	52
3	2	2	53	54	55	56	57	58	59	60	61	62	63	64	65	66	67	68	69	70	71	72
4	2	2	73	74	75	76	77	78	79	80	81	82	83	84	85	86	87	88	89
5	2	2	90	91	92	93	94	95	96	97	98	99	100
6	2	2	101	102	103	104	105	106	107	108	109	110	111	112	113	114	115	116	117	118	119	120
7	2	2	121	122	123	124	125	126	127	128	129	130	131	132
8	2	2	133	134	135	136	137	138	139	140	141	142	143	144	145	146	147
9	2	2	148	149	150	151	152	153	154	155	156	157	158	159	160	161	162	163	164	165	166	167	168	169	170	171	172	173
10	2	2	174	175	176	177	178	179	180	181	182	183	184	185	186	187	188	189	190	191	192	193	194	195	196	197
11	2	2	198	199	200	201	202	203	204	205	206	207	208	209	210	211	212	213	214
12	2	2	215	216	217	218	219	220	221	222	223	224	225	226	227
13	2	2	228	229	230	231	232	233	234	235	236	237	238	239	240	241	242	243	244	245	246	247
14	2	2	248	249	250	251	252	253	254	255	256	257	258	259	260	261	262
15	2	2	263	264	265	266	267	268	269	270	271	272	273	274	275	276	277	278	279	280	281	282	283
16	3	3	284	285	286	287	288	289	290	291	292	293	294	295	296	297	298
17	3	3	299	300	301	302	303	304	305	306	307	308	309	310	311
18	3	3	312	313	314	315	316	317	318	319	320	321	322	323	324	325	326	327	328
19	3	3	329	330	331	332	333	334	335	336	337	338	339	340	341	342	343
20	3	3	344	345	346	347	348	349	350	351	352	353	354	355	356
21	3	3	357	358	359	360	361	362	363	364	365	366	367	368	369	370	371
22	3	3	372	373	374	375	376	377	378	379	380	381	382	383	384	385	386	387	388	389	390
23	3	3	391	392	393	394	395	396	397	398	399	400	401	402	403	404	405	406
24	3	3	407	408	409	410	411	412	413	414	415	416	417	418	419	420	421	422	423
25	3	3	424	425	426	427	428	429	430	431	432	433	434	435	436	437
26	3	3	438	439	440	441	442	443	444	445	446	447	448	449	450	451	452	453	454	455
27	3	3	456	457	458	459	460	461	462	463	464	465	466	467	468
28	3	3	469	470	471	472	473	474	475	476	477	478	479	480	481	482	483	484
29	3	3	485	486	487	488	489	490	491	492	493	494	495	496	497	498	499	500
30	3	3	501	502	503	504	505	506	507	508	509	510	511	512	513	514	515	516	517
31	3	3	518	519	520	521	522	523	524	525	526	527	528	529	530
32	3	3	531	532	533	534	535	536	537	538	539	540	541	542	543	544	545	546
33	3	3	547	548	549	550	551	552	553	554	555	556	557	558	559	560
34	3	3	561	562	563	564	565	566	567	568	569	570	571	572	573	574	575	576	577	578
35	3	3	579	580	581	582	583	584	585	586	587	588	589	590	591	592	593	594	595
36	3	3	596	597	598	599	600	601	602	603	604	605	606	607	608	609	610
37	3	3	611	612	613	614	615	616	617	618	619	620	621	622	623	624	625	626	627	628
38	3	3	629	630	631	632	633	634	635	636	637	638	639	640	641	642	643
39	3	3	644	645	646	647	648	649	650	651	652	653	654	655
40	3	3	656	657	658	659	660	661	662	663	664	665	666	667	668	669	670	671	672
41	3	3	673	674	675	676	677	678	679	680	681	682	683
42	3	3	684	685	686	687	688	689	690	691	692	693	694	695	696	697	698	699	700
43	4	4	701	702	703	704	705	706	707	708	709	710
44	4	4	711	712	713	714	715	716	717	718	719	720	721	722	723
45	4	4	724	725	726	727	728	729	730	731	732	733	734	735
46	4	4	736	737	738	739	740	741	742	743	744	745	746	747	748	749
47	4	4	750	751	752	753	754	755	756	757	758	759	760
48	4	4	761	762	763	764	765	766	767	768	769	770	771	772	773	774	775	776
49	4	4	777	778	779	780	781	782	783	784	785	786	787
50	4	4	788	789	790	791	792	793	794	795	796
51	4	4	797	798	799	800	801	802	803	804	805	806	807	808
52	4	4	809	810	811	812	813	814	815	816	817	818	819
53	4	4	820	821	822	823	824	825	826	827	828	829	830	831	832	833	834	835	836
54	4	4	837	838	839	840	841	842	843	844	845	846	847	848	849
55	4	4	850	851	852	853	854	855	856	857	858	859	860
56	4	4	861	862	863	864	865	866	867	868	869	870	871	872
57	4	4	873	874	875	876	877	878	879	880	881	882	883	884	885	886
58	4	4	887	888	889	890	891	892	893	894	895	896
59	4	4	897	898	899	900	901	902	903	904	905	906	907	908	909	910	911	912
60	4	4	913	914	915	916	917	918	919	920	921	922	923
61	4	4	924	925	926	927	928	929	930	931	932	933	934	935	936	937
62	4	4	938	939	940	941	942	943	944	945	946	947	948	949	950
63	4	4	951	952	953	954	955	956	957	958	959	960	961
64	4	4	962	963	964	965	966	967	968	969	970	971	972	973	974
65	4	4	975	976	977	978	979	980	981	982	983	984	985
66	4	4	986	987	988	989	990	991	992	993	994
67	4	4	995	996	997	998	999	1000	1001	1002	1003	1004	1005	1006	1007	1008	1009
68	4	4	1010	1011	1012	1013	1014	1015	1016	1017	1018	1019	1020	1021
69	4	4	1022	1023	1024	1025	1026	1027	1028	1029	1030	1031	1032	1033
70	4	4	1034	1035	1036	1037	1038	1039	1040	1041	1042	1043	1044
71	4	4	1045	1046	1047	1048	1049	1050	1051	1052	1053
72	4	4	1054	1055	1056	1057	1058	1059	1060	1061	1062	1063	1064
73	4	4	1065	1066	1067	1068	1069	1070	1071	1072	1073	1074	1075	1076
74	4	4	1077	1078	1079	1080	1081	1082	1083	1084	1085	1086	1087
75	4	4	1088	1089	1090	1091	1092	1093	1094	1095	1096	1097	1098	1099
76	4	4	1100	1101	1102	1103	1104	1105	1106	1107	1108	1109	1110
77	4	4	1111	1112	1113	1114	1115	1116	1117	1118	1119	1120	1121	1122
78	4	4	1123	1124	1125	1126	1127	1128	1129	1130	1131	1132	1133	1134	1135
79	4	4	1136	1137	1138	1139	1140	1141	1142	1143	1144
80	4	4	1145	1146	1147	1148	1149	1150	1151	1152	1153	1154	1155
81	5	5	274	273	272	1156	1157	1158	1159	1160
82	5	5	1138	1137	1136	1161	1162	1163	1164	1165
83	5	5	1166	1167	1168	399	398	397	396	1169
84	5	5	1170	1171	1172	1173	1174	1175
85	5	5	1176	1177	1178	1179	1180	1181
86	5	5	1182	1183	1184	1185
87	5	5	1186	1187	1188	1189	1190	1191	1192
88	5	5	1193	1194	1195	1196
89	5	5	729	728	727	726	1197	1198	1199
90	5	5	853	852	851	1200	1201	1202	1203
91	5	5	1204	1205	1206	1207	1208
92	5	5	1209	1210	1211	1212	1213	1214	1215	1216
93	5	5	1217	1218	1219	1220	1221	1222	1223
94	5	5	1224	1225	1226	1227
95	5	5	1228	1229	1230	1231
96	5	5	1232	1233	1234	935	934	933	1235	1236	1237	1238
97	5	5	1239	1240	1241	1242	1243	1244
98	5	5	268	267	1245	1246	1247	1248
99	5	5	654	653	1249	1250	1251	1252
100	5	5	1253	1254	1255	1256	1257
101	5	5	1258	1259	1260	1261	1262	1263
102	5	5	301	300	299	1264	1265
103	5	5	589	588	587	1266	1267	1268	1269
104	5	5	1270	1271	1272	630	629	1273
105	5	5	1274	1275	1276	1277	1278	1279	1280
106	5	5	432	431	430	429	1060	1059	1058	1281
107	5	5	1282	1283	1284	1285	1286	1287	1288
108	5	5	1289	1290	1291	1292	1293	1294	1295
109	5	5	1296	1297	1298	1299	1300
110	5	5	1301	1302	1303	1304	1305	1306	1307
111	5	5	1308	1309	1310	1311	1312	1313
112	5	5	1314	1315	1316	1317	1318	1319
113	5	5	1320	1321	1322	1323	1324
114	5	5	1325	1326	1327
115	5	5	282	281	1328	1329	1330
116	5	5	1331	1332	1333	1334	1335	1336	1337	1338
117	5	5	1063	1062	1061	1339	1340	1341
118	5	5	1342	1343	1344	1345	1346	1347
119	5	5	756	755	754	753	1348	1349	1350
120	5	5	816	815	1351	1352
121	5	5	1353	1354	1355	1007	1006	1005	1356	1357
122	5	5	1358	1359	1360	1361	1362	1363
123	5	5	1364	1365	1366	1367	1368	1369	1370	1371	1372
124	5	5	1373	1374	1375	1376	1377	1378
125	5	5	1379	1380	1381	1382
126	5	5	1383	1384	1385	1386	1201	1200	1387	1388
127	5	5	1389	381	380	1390	324	323	322	321
128	5	5	1132	1131	1391	1172	1171	1392
129	5	5	1393	1394	1395	1396	1397
130	5	5	1398	1399	1400	1401
131	5	5	1402	1403	1404	1405	1406	1407
132	5	5	1141	1140	1139	1138	1165	1408	1409	1410	1411	1412	1413
133	5	5	1011	1010	1021	1020	1414	1415	1416	1417	1418
134	5	5	1419	1420	1421	1422
135	5	5	35	34	33	1423	1424
136	5	5	1425	1294	1293	1426	1427	1428	1429	1430
137	5	5	24	23	1431	1432	1433
138	5	5	1434	1435	1436	1437	1438	1439	1440	1441	1442	1443
139	5	5	1444	1445	1446	1243	1242	1447
140	5	5	1448	1449	1450	1451	1452
141	5	5	1453	1454	862	861	1455	1456
142	5	5	1457	1458	1459	1460	1461	1462
143	5	5	61	60	59	1463	1464	1465	1466
144	5	5	1248	1247	1467	1468	1469	1156	272	271	270	269
145	5	5	1470	1471	1472	1313	1312	1473
146	5	5	1474	1475	1476	1477	1478	1479
147	5	5	1480	1180	1179	1481	641	640
148	5	5	828	827	1482	1483	1484	1485	1486
149	5	5	1487	558	557	1488	1489
150	5	5	1490	1491	1492	1493	1494	1495	1496	1497
151	5	5	1498	1499	1500	1501	1502	1503
152	5	5	443	442	1504
153	5	5	1505	1506	529	528	527	1507
154	5	5	1508	1509	1510	1511	1512	1513
155	5	5	1514	1515	1516	1517	1518
156	5	5	1519	1185	1184	1520	1521
157	5	5	1522	1523	1524	1525	1526
158	5	5	1527	1528	1529	1530	1531
159	5	5	745	744	743	742	741	1532	1533	1534	1535	1536
160	5	5	204	203	1537	1538	1539	1540
161	5	5	1541	1542	1543	1544	1545	1546
162	5	5	637	636	635	1547	1548	1549	1550
163	5	5	949	948	947	946	1551	1552	1553	1554
164	5	5	1555	1556	1557	1558
165	5	5	1559	1560	1561	1562
166	5	5	1563	1564	1565	1566
167	5	5	1567	1568	1569	377	376	1570
168	5	5	1571	1129	1128	1127	1126	1572	1573	1574
169	5	5	1575	1576	1577	1578
170	5	5	1579	1580	1581	1582
171	5	5	1583	1584	1585	1451	1450	1586	1587
172	5	5	1588	1589	1018	1017	1016
173	5	5	1590	1588	1016	1015	1014	1591	1592	1593
174	5	5	1594	1595	1343	1342	1596	1597
175	5	5	1598	1599	1600	1601	1602	1603	1604
176	5	5	1605	1606	1187	1186	1607
177	5	5	1608	1609	1610	1611	1612
178	5	5	263	283	282	1330	1613	1614
179	5	5	386	385	1615	1616
180	5	5	1617	1190	1189	1618	1619
181	5	5	1620	1443	1442	1621
182	5	5	1622	1623	1624	1625	714	713	712	1626
183	5	5	1627	1628	1629	1630
184	5	5	1631	1632	1633	1634	1177	1176
185	5	5	1635	1636	1637	1638	1639	1640
186	5	5	1641	1642	1643	1298	1297	1644
187	5	5	1645	1646	1647	1648	534	533	1649
188	5	5	1650	1460	1459	1651	1652
189	5	5	1653	1654	1655	625	624
190	5	5	1656	1657	1658	417	416
191	5	5	1659	1660	1661	1662
192	5	5	1559	1562	199	198	1663	1664	1665	908	907	906	905	904
193	5	5	1666	1667	56	55	54	1668	1669
194	5	5	314	313	1670	1671	1672
195	5	5	1673	43	42	41	1674	1675
196	5	5	1676	1677	1678	1679	1680	1681	1682
197	5	5	1683	1577	1576	1684	1685	1686	1687
198	5	5	502	501	7	6
199	5	5	1688	1689	1690	1691	1692
200	5	5	1693	1694	1695	1347	1346
201	5	5	953	952	951	1696	1697
202	5	5	1698	1699	1373	1378	1700
203	5	5	182	181	1701	1702	1703	1704
204	5	5	1705	1706	1707	1708	1709	1710	1711
205	5	5	851	850	860	859	858	1712	1713	1714	1387	1200
206	5	5	1715	1716	130	129	1717	1718
207	5	5	1226	1719	1720	1721	1227
208	5	5	1722	1723	1724	1725	1726	1727	1728
209	5	5	1671	1670	1729	1730
210	5	5	1731	1732	469	484	483	1733	1734
211	5	5	1735	1736	1737	1707	1706	1738	1739
212	5	5	1214	1740	1741	1742	1215
213	5	5	1723	1743	209	208	1744	1724
214	5	5	1745	1746	409	408	1747
215	5	5	1748	1749	1750	1751	1752
216	5	5	1753	1754	1755	1749	1748	1756
217	5	5	1757	1758	1759	1760	1761	1762	1763
218	5	5	1764	1765	1766	1767	1768
219	5	5	1769	1770	1771	1772	1773
220	5	5	1774	1775	1776	1777	1778	1779
221	5	5	1780	1781	1782	1783	1784
222	5	5	1785	1786	1581	1580	1787	1788	1789
223	5	5	313	312	1651	1459	1458	1729	1670
224	5	5	768	767	766	1790	1791	1593	1592
225	5	5	1792	1793	1794	1511	1510	1795	1796	1797	1798	1799
226	5	5	1800	1801	1802	1803	1804	1805	1806
227	5	5	1807	1808	1809	1810	1811	1812	1813
228	5	5	1752	1751	414	413	412	1814	1815	1816
229	5	5	1817	1818	1819	1444	1447	1820
230	5	5	1821	1822	1823	1824	1825	978	977	976	975
231	5	5	459	458	457	456	1826	1827	1828	1829
232	5	5	1830	1831	1832	1833	1834
233	5	5	1835	1836	1837	1838	1839	1478	1477	1840	1841	581	580	579
234	5	5	1842	1393	1397	1843	1844
235	5	5	1845	1846	1847	1848	1465	1464
236	5	5	704	703	1849	1850	1541	1546
237	5	5	1851	1852	1853	1854	1855	1856
238	5	5	1857	1858	1859	1860	1861	1862
239	5	5	1863	1864	1845	1464	1463	1865	1866
240	5	5	1867	1812	1811	1868	1869	1778	1777
241	5	5	1870	1871	1872	1873	1874	1875	1876	1877	1878
242	5	5	1364	1372	1879	1784	1783	1880
243	5	5	627	626	625	1655	1881	1882	1883
244	5	5	904	903	1884	1560	1559
245	5	5	722	721	720	1885	1886	1887	1888
246	5	5	1889	1388	1387	1714	1890	1891
247	5	5	1742	1741	1892	1893
248	5	5	1894	1256	1255	1895	1896	1897
249	5	5	1898	1899	1900	1901	1902	1903
250	5	5	1904	1905	1525	1524	1906	1907	1908
251	5	5	1909	1910	1911	1831	1830	1308	1313	1472	1912
252	5	5	1913	1914	1915	1370	1369	1916	1917
253	5	5	1918	1919	1920	1921	1922	1923	1924	1573	1572
254	5	5	1925	1926	1927	1928	1929
255	5	5	1061	1060	429	428	1930	1339
256	5	5	1931	1932	777	787	786	785	784	1933	1934	1935
257	5	5	1936	1937	1938	1939	1940	1941	1942
258	5	5	1943	1944	932	931	1945	1946
259	5	5	812	811	810	1947	1948	1230	1229	1949
260	5	5	1950	1951	1952	1953	1954
261	5	5	1955	1956	1957	1958	1959
262	5	5	684	700	699	1960	1961	1401	1400	1962
263	5	5	1963	1964	1965	1158	1157
264	5	5	1131	1130	1129	1571	1966	1967	1968	1391
265	5	5	1269	1268	1969	1970	1971
266	5	5	1162	1161	1829	1828	1972	1973	1974	1975	1976
267	5	5	1977	1978	1979	1980	1981	1982
268	5	5	1983	1984	1985	1986	1987	1988
269	5	5	1316	248	262	261	1989	1990	1317
270	5	5	1991	1992	1993	1994	1183	1182
271	5	5	1410	1409	1995	1996	1119	1118	1117
272	5	5	669	668	1997	1998
273	5	5	1999	2000	2001	2002
274	5	5	2003	2004	2005	1786	1785
275	5	5	798	797	808	807	806	805	804	803	2006	2007	2008	2009	2010
276	5	5	1488	557	556	2011	2012	622	621	620
277	5	5	817	816	1352	2013	1439	1438	2014
278	5	5	2015	2016	2017	2018	2019	2020
279	5	5	220	219	2021	2022	1341	1340
280	5	5	2023	1950	1954	2024	1808	1807
281	5	5	720	719	1885
282	5	5	2025	1597	1596	2026	2027
283	5	5	825	824	2028
284	5	5	1939	2029	1908	1907	2030	1940
285	5	5	2031	2032	2033	2034
286	5	5	2035	361	360	359	2036	2037	2038
287	5	5	2039	1975	1974	1232	1238	2040	2041
288	5	5	1901	1900	2042	2043
289	5	5	653	652	651	2044	608	607	606	2045	1249
290	5	5	2046	1999	2002	2047	2048	2049
291	5	5	2050	2051	1775	1774	2052	2053
292	5	5	2054	2055	2056	2057	2058
293	5	5	2059	2060	2061	1648	1647
294	5	5	778	777	1932	2062
295	5	5	2063	1870	1878	2064
296	5	5	586	585	584	2065	2066	2067	2068	2069	2070
297	5	5	1419	1529	1528	2071	2072	2073	2074	1420
298	5	5	2075	2076	2077	2078	2079
299	5	5	203	202	1585	1584	1537
300	5	5	172	171	2080	2081	2082	2083	2084
301	5	5	198	214	213	2085	2086	1663
302	5	5	2087	918	917	916	915	2088	1725	1724	1744	2089	2090	2091
303	5	5	1650	1652	2092	1348	753	752
304	5	5	2093	2094	2095	2096	2097	2098
305	5	5	2099	2100	2101	2102	2103
306	5	5	354	353	2104	2105	2106	2107
307	5	5	2108	2109	2110	2111	2112	2113
308	5	5	410	409	1746	2114
309	5	5	2115	2116	1970	1969	2117
310	5	5	2118	2119	2120	2121	2122	1641	1644	2123
311	5	5	2124	2125	2126	2127	2128	2129
312	5	5	71	70	2130	2131	2132	2133
313	5	5	2134	2135	1923	1922	2136	2137
314	5	5	1671	1730	2138	2139	2140	1672
315	5	5	1358	2141	1709	1708	1359
316	5	5	1434	2142	1501	1500	2143	1435
317	5	5	267	266	265	264	2144	1245
318	5	5	1305	2145	2146	2147	2148	1306
319	5	5	2149	2142	1434	1443	1620
320	5	5	2150	2151	2152	2153	2154	2155
321	5	5	2156	987	986	994	993	2157	1213	1212	2158
322	5	5	2159	2160	2161	2162	2163	2164	2165
323	5	5	2103	2102	2166	2167	2168	2169
324	5	5	2170	2171	238	237	236	2172
325	5	5	2173	2174	2175	2176	2177
326	5	5	2162	2161	2178	2179
327	5	5	1513	2180	1508
328	5	5	2181	1218	1217	2182	2183	2184
329	5	5	294	293	2185	3	2
330	5	5	960	959	958	957	2186	2187	2188	36	35	1424	2189	2190
331	5	5	1445	1892	1741	1740	2191	2192	1446
332	5	5	1514	1518	2193	2194	2195	2196
333	5	5	2197	2198	2199	2200	2201
334	5	5	241	240	239	2202	2203	2204
335	5	5	2205	1441	1440	2206	2207
336	5	5	170	169	2208	2081	2080
337	5	5	6	5	503	502
338	5	5	85	84	83	2209	2210	1555	1558	2211	2212
339	5	5	253	252	2213	1839	1838
340	5	5	369	368	2214	1314	1319	2215
341	5	5	2216	1851	1856	2217	2218	2219	2220
342	5	5	2106	1850	1849	1779	1778	1869	2221	2107
343	5	5	2222	2223	2224	1487	1489	2225
344	5	5	1538	2226	2227	2228	1539
345	5	5	1045	1053	1052	1051	2229	2230	2058	2057
346	5	5	2231	2071	1528	1527	2232	1877	1876
347	5	5	2233	2234	2235	821	820	836	835	834	2236	2237	2238
348	5	5	2239	1635	1640	2125	2124
349	5	5	2240	670	669	1998	2241	2242	2243
350	5	5	2047	1259	1258	1502	1501	2142	2149	2048
351	5	5	2244	1575	1578	795	794
352	5	5	2245	2246	2247	2248	2249
353	5	5	2250	2251	1072	1071	1070	1069	2252
354	5	5	1946	1945	1664	1663	2086	2253
355	5	5	2254	2156	2158	2255	2256	2257	2258
356	5	5	591	590	589	1269	1971	2259	2260
357	5	5	2261	2257	2256	2262
358	5	5	2263	2264	2265	2266	2267	121	132	131	2268
359	5	5	1115	1114	1113	2269	228	247	246	2270
360	5	5	2271	2272	2273	67	66	65	2274
361	5	5	709	708	707	2275	2276	1253	1257
362	5	5	2277	1692	1691	2000	1999	2046
363	5	5	2278	2039	2041	2279	2280	2281
364	5	5	843	842	841	840	2282	2283	2284	2135	2134
365	5	5	2285	2286	1454	1453	2287	2288	2289
366	5	5	2290	1456	1455	2291	2292	2293
367	5	5	1813	1812	1867	2294
368	5	5	2295	2296	2297	2298	1767	1766	2299	2300	2301
369	5	5	1873	1872	2302
370	5	5	2303	2304	2305	2306	2307
371	5	5	2308	2309	2310	2311	2312	1284	1283
372	5	5	2313	2314	2315	1866	1865	58	57
373	5	5	516	515	869	868	867
374	5	5	2316	2317	2318	2319	2320	2321	963	962	974	973	2322
375	5	5	1925	1929	2323	2324	2325	2326	2327
376	5	5	2279	2041	2040	2328	310	309	2329	2330	2331
377	5	5	2332	1398	1401	1961	2077	2076	2333
378	5	5	2334	2335	2336	2337	2338	2339	1738	1706	1705	2340
379	5	5	831	830	829	828	1486	2341	2342
380	5	5	510	509	508	434	433	432	1281	2343	561	578	577
381	5	5	2344	2345	2346	2347	2348
382	5	5	674	673	683	682	2349	2350	2101	2100
383	5	5	2351	2352	420	419	418	417	1658
384	5	5	2353	2354	2355	2356	2357	2358
385	5	5	2359	1263	1262	2360	175	174	197	196	195	194	193	2361
386	5	5	1085	1084	1083	2362	2363	2364
387	5	5	2108	2365	2366	2367	2368	2109
388	5	5	2369	2370	2371	2372	2373
389	5	5	1216	1215	1742	1893	2374	2375
390	5	5	1193	2260	2259	2376	2377	2378	1979	1978	1194
391	5	5	602	601	1642	1641	2122
392	5	5	2379	2380	2381	1696	951	961	960	2190
393	5	5	2382	2383	1659	1662	2384	2385
394	5	5	2060	2386	2387	1639	1638	2388	2061
395	5	5	2389	2390	2391	2392
396	5	5	2393	2394	2395	2396	1289	1295	2397
397	5	5	2398	2399	2400
398	5	5	2401	1431	23	22	2309	2308
399	5	5	1756	1748	1752	1816
400	5	5	2402	909	908	1665	928	927
401	5	5	1606	2403	1188	1187
402	5	5	2404	2405	2406	2407	2408	2409
403	5	5	2410	135	134	133	2411	2412
404	5	5	493	492	2413	2414	2415
405	5	5	2416	1848	1847	2417	2418
406	5	5	891	890	889	888	887	2419	1930	428	427	2420
407	5	5	2364	2363	2421	2422	1286	1285	2423	2424
408	5	5	1689	2425	2426	1690
409	5	5	2427	1198	1197	2428	2429	2430
410	5	5	2431	1251	1250	2432	921	920	919	918	2087
411	5	5	2433	2434	2435	2436	2437	2438
412	5	5	1659	2383	2439	1660
413	5	5	998	997	2370	2369	2440	2068	2067	2441
414	5	5	475	474	473	2442	2443	2444	2183	2182	1223	1222
415	5	5	2445	2446	2447	2448	2326	2325
416	5	5	2368	2367	1275	1274	2449	2450	2451	2452
417	5	5	2453	2454	2455	2456	2457
418	5	5	184	183	182	1704	1853	1852	2458	2459	2460	2461
419	5	5	2462	2463	1267	1266	2070	2069
420	5	5	2464	2465	2466	2467	2468	2151	2150	2469
421	5	5	2470	2471	648	647
422	5	5	1973	1972	1234	1233
423	5	5	619	618	617	2222	2225
424	5	5	2472	2473	2474	2475	2476
425	5	5	2477	2478	552	551
426	5	5	617	616	615	1700	1378	1377	2223	2222
427	5	5	1055	1054	1064	1063	1341	2022	2479	2480	2481	2482
428	5	5	2483	2484	2485	2433	2438	2486
429	5	5	2487	2488	2489	2490
430	5	5	2491	2492	2493	2494	2495
431	5	5	2496	2172	236	235	234	2497	2498	39	52	51	50	49	2499	2500
432	5	5	1202	1201	1386	2501	2502
433	5	5	1308	1830	1834	2503	1309
434	5	5	2105	2104	1543	1542
435	5	5	925	924	937	936	935	1234	1972	1828	1827
436	5	5	63	62	1800	1806
437	5	5	1315	2504	250	249	248	1316
438	5	5	2505	2506	2507	2508	2168	2167
439	5	5	2440	2369	2373	2509	2510	2511	2512
440	5	5	2513	2514	2515	2516	2517	1168	1167
441	5	5	2518	2519	2159	2165	2286	2285
442	5	5	2520	1351	815	814	813	812	1949	2521	2522
443	5	5	2266	2043	2042	2523	2524	2525	2267
444	5	5	2526	2527	217	216	215	227	226	225	2528	2529	2530
445	5	5	706	705	704	1546	1545	2531
446	5	5	2387	2126	2125	1640	1639
447	5	5	2532	2533	2534	2535
448	5	5	2536	2537	2538	1604	1603	2539	2540	2541
449	5	5	2542	2298	2297	2479	2022	2021
450	5	5	2543	2544	2545	2546	2547	1329	1328	2548	2549	2550
451	5	5	2051	2551	2552	2553	2554	1776	1775
452	5	5	2555	2333	2076	2075	2556
453	5	5	2557	2558	2559	2560	2561	2511	2510	2562
454	5	5	155	154	2563	2564	1681	1680	2565	2566
455	5	5	2567	2123	1644	1297	1296	2568
456	5	5	2569	2570	2571	2572	2573	2574	2575	2576
457	5	5	317	316	315	314	1672	2140	2577	1990	1989
458	5	5	2578	2579	2249	2248	2580	2581
459	5	5	2582	2583	2584	1206	1205
460	5	5	177	176	175	2360	30	29	28	2585
461	5	5	2303	2307	2586	2587	1787	1580	1579
462	5	5	2106	2105	1542	1541	1850
463	5	5	2588	2589	2590	2591
464	5	5	25	24	1433	2592	2593	2594
465	5	5	1696	2381	2595	2596	1697
466	5	5	492	491	490	2597	1483	1482	2413
467	5	5	2598	2599	2600	2601	2602	2603
468	5	5	2604	2605	1960	699	698	2601	2600
469	5	5	498	497	496	2606	101	120	119	118	2607	2608
470	5	5	1244	2192	2191	1239
471	5	5	389	388	387	2609
472	5	5	1681	2564	2610	2611	758	757	756	1350	1682
473	5	5	1111	1122	1121	1417	1416	2612
474	5	5	2613	2614	2615	2616	2617
475	5	5	2618	2078	2077	1961	1960	2605
476	5	5	2619	2620	2621	1384	1383
477	5	5	2622	1574	1573	1924
478	5	5	2320	2319	2623	1988	1987
479	5	5	666	665	664	2624	350	349	348	347	346	2625	2626	2627	2628	2629	2630
480	5	5	2631	2632	2633	2634	2635	2636	2637
481	5	5	2407	2406	945	944	943	2638	2639	2640	2641
482	5	5	62	61	1466	1801	1800
483	5	5	2306	2305	2642	2643	2403	1606	1605	2644	2645
484	5	5	1331	1470	1473	2537	2536	1332
485	5	5	2646	2647	2648	2473	2472
486	5	5	2649	2650	2651	2652	2653	2654
487	5	5	1954	1953	2655	2656	2657	2024
488	5	5	2658	2659	2660	2661
489	5	5	2662	2663	2388	1638	1637	2664
490	5	5	2665	2666	2667	2668
491	5	5	73	89	88	2669	1984	1983	2670
492	5	5	2671	2672	2673	481	480	479
493	5	5	612	611	2674	1732	1731
494	5	5	1357	1356	2675	2636	2635
495	5	5	275	274	1160	2676
496	5	5	2677	2678	2679	1617	1619
497	5	5	2385	2384	2680	1958	1957
498	5	5	2681	2682	326	325	324	1390
499	5	5	2678	2683	2684	2685	2686	2679
500	5	5	2687	2688	2689	2603	2602	2690	2691
501	5	5	303	302	301	1265	2692	2693	2096	2095
502	5	5	2547	2694	1613	1330	1329
503	5	5	2695	2240	2243	1530	1529	1419	1422
504	5	5	544	543	2696	2697	2698
505	5	5	2216	2458	1852	1851
506	5	5	2699	2700	2194	2193	2701
507	5	5	2702	2703	2704	2705	2706	2707	2708	2709
508	5	5	1792	1799	2710	2711
509	5	5	2712	2713	2688	2687
510	5	5	2714	2715	2716
511	5	5	2717	1722	1728	2718	2719	2720
512	5	5	334	333	2721	2722	1968	1967	2723
513	5	5	2521	2724	1762	1761	2522
514	5	5	2725	2402	927	926	925	1827	1826	2391	2390
515	5	5	881	880	879	878	2726	2727	2728	2588	2591
516	5	5	1384	2621	2729	2730	1385
517	5	5	1874	1873	2302	1917	1916	2731
518	5	5	2722	2721	2732	2733
519	5	5	1786	2005	1526	1525	1905	2734	1582	1581
520	5	5	2101	2350	2735	2736	2166	2102
521	5	5	2737	2738	1301	1307	2739	2740
522	5	5	2741	2742	2346	2345	2743	2744
523	5	5	1174	1173	2733	2732	2745	2324	2323
524	5	5	2746	2747	2748	2594	2593	2749	2750	2751	2752
525	5	5	997	996	995	1009	1008	1007	1355	2753	2371	2370
526	5	5	2754	2755	1782	1781	2355	2354
527	5	5	1436	2756	2757	2758	1437
528	5	5	676	675	674	2100	2099	2658	2661
529	5	5	2264	2759	2760	2761	2762	2763	2265
530	5	5	2207	2206	2764	1760	1759
531	5	5	1479	1478	1839	2213	2765
532	5	5	1469	2766	1963	1157	1156
533	5	5	191	190	2767	444	443	1504
534	5	5	2226	1089	1088	2227
535	5	5	2768	1300	1299	2769	2770	2771	2772
536	5	5	142	141	2773	2774	2775	2776
537	5	5	2013	1352	1351	2520	2777
538	5	5	824	823	2415	2414	2028
539	5	5	1268	1267	2463	2778	2117	1969
540	5	5	2779	2780	2781	2782
541	5	5	372	390	389	2609	2617	2616	2783	2784
542	5	5	559	558	1487	2224	2785
543	5	5	2147	2146	2786	2787	2788	2789
544	5	5	2631	2637	2790	2791	2792	2793
545	5	5	2064	1878	1877	2232	2794
546	5	5	257	256	255	2614	2613	1616	1615
547	5	5	2450	2449	2623	2319	2318	2795
548	5	5	2263	2268	1382	1381	2796	2797
549	5	5	2728	2727	2376	2259	1971	1970	2116
550	5	5	2798	2799	2800	2801	2802
551	5	5	856	855	854	2803	2804	2805	2806
552	5	5	1005	1004	1003	2807	2675	1356
553	5	5	2808	2809	2810	1261	1260
554	5	5	1359	1708	1707	1737	2811	1360
555	5	5	993	992	991	990	989	2812	2530	2529	2157
556	5	5	2648	2647	2813	2795	2318	2317
557	5	5	2814	2815	1980	1979	2378
558	5	5	2816	2817	2818	2819	2820
559	5	5	1792	2711	2821	2715	2714	2822	2823	1793
560	5	5	441	440	439	2824	2825	2361	193	192
561	5	5	2826	2827	1147	1146
562	5	5	686	685	2828	2829	2830
563	5	5	2831	2465	2464	2832	2833
564	5	5	333	332	331	330	2834	2745	2732	2721
565	5	5	2776	2775	2543	2550	2835	2836
566	5	5	2837	2282	840	839
567	5	5	1098	1097	2838	2366	2365
568	5	5	2839	2512	2511	2561	2840	2743	2345	2344
569	5	5	2250	2841	2699	2701	2251
570	5	5	1562	1561	2842	200	199
571	5	5	1506	2696	543	542	541	518	530	529
572	5	5	566	565	564	2843	2844
573	5	5	1364	1880	2845	1770	1769	2846	1365
574	5	5	693	692	2847	2848
575	5	5	2849	2850	2174	2173
576	5	5	2444	2851	2852	2653	2652	2853	2184	2183
577	5	5	861	872	871	870	869	515	514	513	2854	2855	2856	574	573	572	2857	2858	2291	1455
578	5	5	2821	2859	1804	1803	2716	2715
579	5	5	1323	2860	2861	2862	1324
580	5	5	915	914	2863	2088
581	5	5	520	519	518	541	540	539	2864	2865
582	5	5	2866	2491	2495	2867	2618	2605	2604
583	5	5	2774	2773	2868	2869	2870	2871	2872
584	5	5	2873	2401	2308	1283	1282	2874
585	5	5	59	58	1865	1463
586	5	5	2162	2179	2875	2876	2163
587	5	5	2759	2877	2878	2879	2760
588	5	5	2397	1295	1294	1425	1406	1405
589	5	5	2542	2021	219	218
590	5	5	2487	2880	2717	2720	2881	2488
591	5	5	2882	2883	2884	2840	2561	2560
592	5	5	1780	1784	1879	1934	1933	2885
593	5	5	2175	2644	1605	1607	2176
594	5	5	1235	2886	2887	2692	1265	1264	1236
595	5	5	2371	2753	2888	2575	2574	2889	2372
596	5	5	2890	2891	1618	1189	1188	2403	2643	2892	2893
597	5	5	2894	2895	2896	1833	1832	1199	1198	2427
598	5	5	2897	2898	1427	1426	2899	2900	2901
599	5	5	766	765	2902	1790
600	5	5	1898	1903	877	876	875	874	873	2903	2904	2905
601	5	5	2906	2907	2908	2909
602	5	5	2910	1674	41	40	39	2498	405	404	403	402	2911	2912
603	5	5	2536	2541	1333	1332
604	5	5	291	290	289	436	435	434	508	507	506
605	5	5	2877	2913	2914	2878
606	5	5	2915	1379	1382	2268	131	130	1716
607	5	5	400	399	1168	2517	2916
608	5	5	2866	2604	2600	2599	2461	2460	2917
609	5	5	2918	2569	2576	395	394	393
610	5	5	168	167	166	165	164	2779	2782
611	5	5	2919	2920	2921	92	91	90	100	99	2922
612	5	5	1020	1019	1018	1589	2923	2924	1414
613	5	5	2593	2592	2925	2926	2749
614	5	5	2927	2928	1586	1450	1449	2929
615	5	5	1083	1082	1081	2930	2931	1955	1959	2362
616	5	5	2392	2391	1826	456	468	467	139	138	137	2932
617	5	5	1808	2024	2657	2933	2934	1809
618	5	5	153	152	2610	2564	2563
619	5	5	2935	2929	1449	1448	900	899
620	5	5	2936	2937	297	296
621	5	5	2913	2938	2783	2616	2615	2939	2914
622	5	5	2830	1152	1151	2862	2861	2940	688	687	686
623	5	5	2941	2942	2787	2786	2943
624	5	5	2944	2945	2946	2947	1798	1797
625	5	5	1368	2948	2731	1916	1369
626	5	5	181	180	2949	1701
627	5	5	531	546	545	2950	2951
628	5	5	2766	2380	2379	1964	1963
629	5	5	1066	1065	1076	1075	1074	1073	2952	2953	2524	2523
630	5	5	2327	2326	2448	2954	2955	2956
631	5	5	261	260	318	317	1989
632	5	5	1494	1493	2957	2958	2703	2702
633	5	5	1219	2959	2960	1336	1335	1220
634	5	5	2598	186	185	184	2461	2599
635	5	5	1617	2679	2686	1191	1190
636	5	5	2961	2962	2963	2254	2258	2964
637	5	5	2335	2139	2138	2965	2336
638	5	5	2966	2967	2813	2647	2646	2968
639	5	5	2431	2969	2578	2581	1252	1251
640	5	5	2744	2743	2840	2884	2273	2272
641	5	5	2174	2850	2970	2971	2972	2645	2644	2175
642	5	5	2958	2957	2694	2547	2546
643	5	5	2770	2973	1022	1033	1032	1031	2865	2864	2771
644	5	5	2737	2974	2738
645	5	5	2485	2975	2976	2977	2434	2433
646	5	5	2901	2900	2978	2979	2980
647	5	5	775	774	2981	2982	2983	2984
648	5	5	2985	2986	2651	2650
649	5	5	1820	1447	1242	1241	2467	2466
650	5	5	2151	2468	2987	2988	2152
651	5	5	2989	2990	2991	2115	2117	2778
652	5	5	2992	1166	1169	2888	2753	1355	1354
653	5	5	245	244	243	2993	2994	2995
654	5	5	1224	1227	1721	2502	2501	2996	2997	2998
655	5	5	1194	1978	1977	2999	3000	1195
656	5	5	113	112	3001	2020	2019
657	5	5	1373	1699	3002	3003	3004	3005	1374
658	5	5	910	909	2402	2725	3006
659	5	5	337	336	3007	2283	2282	2837
660	5	5	1753	1756	1816	1815	3008
661	5	5	2717	2880	3009	1743	1723	1722
662	5	5	2276	2275	2531	1545	1544	352	351	350	2624
663	5	5	568	567	3010	3011
664	5	5	668	667	2630	2629	3012	1997
665	5	5	427	426	425	424	1772	1771	3013	3014	2420
666	5	5	2363	2362	1959	1958	2680	3015	2421
667	5	5	148	173	172	2084	1735	1739	3016	3017
668	5	5	1904	1908	2029	1521	1520	3018
669	5	5	1764	1768	2527	2526
670	5	5	3019	3020	3021	3022	3023	2261	2262
671	5	5	3024	1547	635	634
672	5	5	2286	2165	2164	3025	864	863	862	1454
673	5	5	1843	1397	1396	3026	1103	1102	1101
674	5	5	2878	2914	2939	3027	1981	1980	2815	2879
675	5	5	1596	1342	1347	1695	2944	1797	1796	2026
676	5	5	3028	2926	2925	3029	3030	1855	1854
677	5	5	2665	2668	2663	2662
678	5	5	3031	3032	2628	2627
679	5	5	3033	3034	2685	2684	3035
680	5	5	2122	2121	2719	2718	603	602
681	5	5	594	593	3000	2999	3036
682	5	5	1568	2681	1390	380	379	378	1569
683	5	5	2734	3037	2304	2303	1579	1582
684	5	5	3038	2482	2481	2977	2976
685	5	5	3039	3040	2453	2457	1667	1666
686	5	5	719	718	717	3041	1868	1811	1810	1886	1885
687	5	5	88	87	1948	1947	2669
688	5	5	1039	1038	1037	1036	2356	2355	1781	1780	2885	3042
689	5	5	2504	2765	2213	252	251	250
690	5	5	763	762	761	776	775	2984	2288	2287
691	5	5	3043	3044	3045	2736	2735	3046
692	5	5	3047	3048	2950	545	544	2698
693	5	5	3049	1920	1919	2301	2300	3050
694	5	5	3051	3052	3053	2570	2569	2918
695	5	5	3023	2137	2136	2964	2258	2257	2261
696	5	5	914	913	923	922	2432	1250	1249	2045	1727	1726	2863
697	5	5	2990	2347	2346	2742	3054	3055	2991
698	5	5	3056	3057	2506	2505	1362	1361	3058
699	5	5	146	145	77	76	75	1279	1278
700	5	5	1684	1325	1327	1685
701	5	5	158	157	156	2566	2565	1077	1087	1086	3059	3060	3061
702	5	5	1493	1492	1614	1613	2694	2957
703	5	5	989	988	987	2156	2254	2963	3062	3063	2812
704	5	5	2827	1321	1320	1149	1148	1147
705	5	5	1088	1099	1098	2365	2108	2113	3064	2228	2227
706	5	5	2849	3033	3035	3065	2970	2850
707	5	5	2866	2917	2492	2491
708	5	5	2846	1769	1773	3066	3067
709	5	5	2067	2066	2441
710	5	5	2239	2124	2129	3068	2234	2233	3069	3070
711	5	5	3071	1818	1817	3072	3073	3021	3020
712	5	5	2484	3074	3075	3076	2844	2843	2975	2485
713	5	5	2533	3077	1429	1428	3078	2534
714	5	5	383	382	381	1389	3079
715	5	5	3080	3081	3082
716	5	5	3008	3083	2891	2890	1754	1753
717	5	5	2796	3084	3085	2784	2783	2938	2797
718	5	5	393	392	3086	3087	3088	3051	2918
719	5	5	2321	2320	1987	1986
720	5	5	2407	2641	2859	2821	2711	2710	2408
721	5	5	3089	2810	2809	2426	2425	3090	3091
722	5	5	3092	3093	3058	1361	1360	2811	3094
723	5	5	1678	3095	3096	1679
724	5	5	827	826	825	2028	2414	2413	1482
725	5	5	3097	3098	1491	1490	3099
726	5	5	3071	3100	2375	2374	1819	1818
727	5	5	422	421	420	2352	2805	2804	3101	3102
728	5	5	99	98	1516	1515	3103	2922
729	5	5	2799	3104	3105	2037	2036	2800
730	5	5	3106	3107	3108	3109
731	5	5	284	298	297	2937	2695	1422	1421
732	5	5	1770	2845	2755	2754	3013	1771
733	5	5	446	445	444	2767	3110	3111
734	5	5	2725	2390	2389	3112	3006
735	5	5	3113	2455	2454	3114	838	837	849	848
736	5	5	1608	1612	2386	2060	2059
737	5	5	1151	1150	1149	1320	1324	2862
738	5	5	3115	3116	2242	2241	3117	3118
739	5	5	336	335	334	2723	3119	3007
740	5	5	1514	2196	2819	2818	3120	3103	1515
741	5	5	1302	3121	3122	1303
742	5	5	2160	3123	2178	2161
743	5	5	3124	1688	1692	2277	1758	1757	3125
744	5	5	1685	1327	1326	2528	225	224	223	1686
745	5	5	2398	2400	3126	2969	2431	2087	2091
746	5	5	1921	1920	3049	2962	2961
747	5	5	1956	2382	2385	1957
748	5	5	579	595	594	3036	1835
749	5	5	1051	1050	1049	1048	3127	3128	613	612	1731	1734	2229
750	5	5	523	522	3129	3130
751	5	5	2832	2464	2469	1863	1866	2315
752	5	5	3131	3132	3133	3134	3135	1720	1719
753	5	5	26	25	2594	2748
754	5	5	3136	3041	717	716	715	714	1625
755	5	5	1974	1973	1233	1232
756	5	5	2169	2168	2508	3137	3138
757	5	5	3017	3016	3139	3140	3141	150	149
758	5	5	1590	1593	1791	3142	2446	2445
759	5	5	2557	3143	3144	2558
760	5	5	2873	2874	3029	2925	2592	1433	1432
761	5	5	2518	2285	2289	2983	2982	3145	3146
762	5	5	2917	2460	2459	2493	2492
763	5	5	2839	3147	3148	2462	2069	2068	2440	2512
764	5	5	180	179	178	2752	2751	2949
765	5	5	1538	1537	1584	1583	1093	1092	1091	1090	1089	2226
766	5	5	3149	2941	2943	3150
767	5	5	1154	1153	3151	1399	1398	2332
768	5	5	2148	2147	2789	14	13	12	3152
769	5	5	2656	3153	487	486	485	3154	2933	2657
770	5	5	1363	1362	2505	2167	2166	2736	3045
771	5	5	2218	2422	2421	3015	2219
772	5	5	3155	3156	3157	3158	3159
773	5	5	2867	1207	1206	2584	2079	2078	2618
774	5	5	472	471	470	3160	3161	2443	2442
775	5	5	1113	1112	1111	2612	3162	2269
776	5	5	3003	3163	2757	2756	3164	3004
777	5	5	3165	1563	1566	3166
778	5	5	3097	3099	45	44	43	1673	3167	680	679	678
779	5	5	2410	2412	1587	1586	2928
780	5	5	2734	1905	1904	3018	3168	3169	3037
781	5	5	2409	2408	2710	1799	1798	2947	3170
782	5	5	1942	1941	3171	2471	2470
783	5	5	1801	1466	1465	1848	2416	3172	1802
784	5	5	122	121	2267	2525
785	5	5	2798	3043	3046	3104	2799
786	5	5	1754	2890	2893	1993	1992	1755
787	5	5	2208	169	168	2782	2781	3057	3056	3173
788	5	5	2672	2539	1603	1602	2673
789	5	5	3174	2027	2026	1796	1795
790	5	5	32	31	30	2360	1262	1261	2810	3089
791	5	5	773	772	771	770	3175	3176	3177	3178
792	5	5	587	586	2070	1266
793	5	5	3179	1170	1175	1928	1927	3180	3075	3074
794	5	5	1739	1738	2339	3139	3016
795	5	5	2655	2093	2098	3153	2656
796	5	5	2853	2652	2651	2986
797	5	5	3169	3168	3181	2892	2643	2642
798	5	5	3117	2241	1998	1997	3012
799	5	5	3182	3183	2968	2646	2472	2476	3184	3185
800	5	5	1645	3186	3187	1610	1609	1646
801	5	5	682	681	680	3167	2198	2197	3188	3189	2349
802	5	5	3190	2555	2556	3191	3192
803	5	5	229	228	2269	3162	1629	1628
804	5	5	1914	3193	2062	1932	1931	1915
805	5	5	2342	2253	2086	2085	2236	834	833	832	831
806	5	5	1790	2902	2290	2293	3142	1791
807	5	5	2516	2515	3194	2200	2199	2912	2911
808	5	5	3195	3196	1822	1821	3197
809	5	5	1909	3198	3199	2245	2249	2579	1910
810	5	5	171	170	2080
811	5	5	3200	3201	802	801
812	5	5	1231	1230	1948	87	86	85	2212
813	5	5	1704	1703	3028	1854	1853
814	5	5	3132	1745	1747	407	423	422	3102	3202	3133
815	5	5	3203	1882	1881	3204
816	5	5	1244	1243	1446	2192
817	5	5	3205	3161	3160	3203	3204
818	5	5	3206	3207	3208	3209	3210	3211	3212
819	5	5	2849	2173	2177	3213	3034	3033
820	5	5	3214	549	548	3215	3216
821	5	5	741	740	739	738	737	1498	1503	3217	3218	1532
822	5	5	2936	656	672	671	670	2240	2695	2937
823	5	5	3218	2825	2824	1533	1532
824	5	5	1255	1254	662	661	660	1895
825	5	5	3219	3220	3221	3222	3223	3224	3225
826	5	5	3226	1621	1442	1441	2205
827	5	5	1435	2143	3227	3164	2756	1436
828	5	5	2334	2340	3228	1861	1860
829	5	5	2374	1893	1892	1445	1444	1819
830	5	5	2337	2336	2965	1457	1462
831	5	5	2507	2187	2186	956	955	954	953	1697	2596	3137	2508
832	5	5	2082	3229	3230	3231	2083
833	5	5	3232	2931	2930	3096	3095
834	5	5	1027	1026	1025	1522	1526	2005	2004
835	5	5	1531	1530	2243	2242	3116	3233
836	5	5	3064	3106	3109	3234	1540	1539	2228
837	5	5	3235	3236	3237	3238	2452	2451	3239
838	5	5	2640	1805	1804	2859	2641
839	5	5	3240	3241	3108	3107	2428	1197	726	725	724
840	5	5	533	532	531	2951	3242	3243	1649
841	5	5	321	320	3244	3245	3079	1389
842	5	5	2509	2889	2574	2573	2562	2510
843	5	5	3246	2118	2123	2567	3207	3206
844	5	5	2726	2762	2761	3247	2377	2376	2727
845	5	5	2658	2099	2103	2169	3138	3248	2659
846	5	5	3249	3250	3251	2597	490	489	488
847	5	5	2216	2220	3252	2494	2493	2459	2458
848	5	5	2558	3144	2396	2395	2559
849	5	5	1270	1273	1178	1177	1634
850	5	5	2915	3253	1394	1393	1842	1380	1379
851	5	5	1623	117	116	3254	2018	2017	1624
852	5	5	54	53	1668
853	5	5	2334	1860	1859	2577	2140	2139	2335
854	5	5	2898	3255	3256	3078	1428	1427
855	5	5	2730	2996	2501	1386	1385
856	5	5	3257	3258	3259
857	5	5	3217	2359	2361	2825	3218
858	5	5	3260	2553	2552	3261
859	5	5	3143	2572	2571	1290	1289	2396	3144
860	5	5	384	383	3079	3245	3262
861	5	5	1365	2846	3067	3263	3264	1366
862	5	5	3265	3266	2691	2690	3267	3268
863	5	5	3057	2781	2780	2188	2187	2507	2506
864	5	5	3269	1825	1824	3270	3271	3272	3273
865	5	5	1247	1246	2660	2659	3248	1467
866	5	5	1630	1629	3162	2612	1416	1415	3256	3255
867	5	5	2739	1307	1306	2148	3152
868	5	5	3128	3127	3274	3275
869	5	5	2003	1785	1789	524	523	3130
870	5	5	3276	1889	1891	2246	2245	3199
871	5	5	2234	3068	3277	2606	496	495	494	2235
872	5	5	3278	3279	2708	2707	3280	3281
873	5	5	2519	3282	3283	3123	2160	2159
874	5	5	1903	1902	2763	2762	2726	878	877
875	5	5	2740	2739	3152	12	11	10
876	5	5	3284	373	372	2784	3085	1109	1108	1107	1106	1105	1104
877	5	5	1965	3222	3221	1159	1158
878	5	5	3099	1490	1497	47	46	45
879	5	5	1863	2469	2150	2155	1864
880	5	5	178	177	2585	2746	2752
881	5	5	703	702	701	2052	1774	1779	1849
882	5	5	3285	2280	2279	2331	3286
883	5	5	1627	1630	3255	2898	2897
884	5	5	1284	2312	3287	2423	1285
885	5	5	866	865	864	3025	3122	3121	3288	3289
886	5	5	1209	1216	2375	3100
887	5	5	2894	3290	3182	3185	2895
888	5	5	3291	1857	1862	3292	2802	2801	357	371	370
889	5	5	3246	3293	2119	2118
890	5	5	1938	2351	1658	1657	1519	1521	2029	1939
891	5	5	537	536	535	534	1648	2061	2388	2663	2668	2667
892	5	5	2894	2427	2430	3236	3235	3294	3290
893	5	5	620	619	2225	1489	1488
894	5	5	2278	3295	1976	1975	2039
895	5	5	2995	2994	3081	3080	3296
896	5	5	2047	2002	2001	2808	1260	1259
897	5	5	2971	3297	3298	2972
898	5	5	1358	1363	3045	3044	2141
899	5	5	1097	1096	1095	3299	2032	2031	2838
900	5	5	1855	3030	1288	1287	2217	1856
901	5	5	512	511	576	575	2855	2854
902	5	5	3273	3272	1535	1534	3300	3301
903	5	5	2180	3302	2025	2027	3174	1509	1508
904	5	5	3296	3080	3082	1413	1412
905	5	5	3303	2538	2537	1473	1312	1311
906	5	5	2626	3304	3031	2627
907	5	5	3305	2903	873	886	885	884	3306	3307	3308	3309	3310
908	5	5	309	308	307	2145	1305	1304	2876	2875	2329
909	5	5	3049	3050	3062	2963	2962
910	5	5	3190	3311	2826	1146	1145	1155	1154	2332	2333	2555
911	5	5	1496	1495	2500	2499
912	5	5	3312	2709	2708	3279
913	5	5	3003	3002	3313	2056	2055	3163
914	5	5	3156	2244	794	793	792	791	3314	1042	1041	1040	3315	3157
915	5	5	3125	1757	1763	3224	3223
916	5	5	1314	2214	1474	1479	2765	2504	1315
917	5	5	2251	2701	2193	1518	1517	2952	1073	1072
918	5	5	2181	2985	2650	2649	3316	2959	1219	1218
919	5	5	3317	1897	1896	3318	2788	2787	2942
920	5	5	1301	2738	2974	3288	3121	1302
921	5	5	2541	2540	3319	1334	1333
922	5	5	3214	3320	2477	551	550	549
923	5	5	2907	2817	2816	2908
924	5	5	385	384	3262	3321	258	257	1615
925	5	5	3183	3322	2966	2968
926	5	5	2293	2292	3323	2447	2446	3142
927	5	5	2517	2516	2911	402	401	2916
928	5	5	3324	3325	2988	2987
929	5	5	2338	3140	3139	2339
930	5	5	1126	1125	1124	1123	3326	3327	1918	1572
931	5	5	1319	1318	1858	1857	3291	2215
932	5	5	2013	2777	2764	2206	1440	1439
933	5	5	2483	2486	1134	1133	1132	1392	3328
934	5	5	752	751	750	3329	3330	1461	1460	1650
935	5	5	570	569	3331	3332
936	5	5	330	329	343	342	2532	2535	2924	2923	2834
937	5	5	2803	3134	3133	3202	3101	2804
938	5	5	3333	3334	345	344	356	355	354	2107	2221	3335
939	5	5	22	21	20	19	161	160	159	2310	2309
940	5	5	452	451	450	449	3336	3337	3338
941	5	5	2265	2763	1902	1901	2043	2266
942	5	5	2673	1602	1601	3339	1733	483	482	481
943	5	5	3340	3341	3308	3307	3342
944	5	5	387	386	1616	2613	2617	2609
945	5	5	285	284	1421	1420	2074	3343
946	5	5	2589	3055	3054	1554	1553	2590
947	5	5	3344	3345	2904	2903	3305	1694	1693
948	5	5	2676	1160	1159	3221	3220	3346	3347
949	5	5	3348	3349	3192	3191
950	5	5	2417	1847	1846	2154	2153	3166	1566	1565
951	5	5	3350	3351	3352	3353
952	5	5	2874	1282	1288	3030	3029
953	5	5	243	242	241	2204	462	461	460	2993
954	5	5	2665	2662	2664	3354	2768	2772	2666
955	5	5	3246	3206	3212	3355	3356	3293
956	5	5	1755	1992	1991	3357	1750	1749
957	5	5	137	136	135	2410	2928	2927	3358	2932
958	5	5	1730	1729	1458	1457	2965	2138
959	5	5	2620	1337	1336	2960	2729	2621
960	5	5	2583	3348	3191	2556	2075	2079	2584
961	5	5	3359	1505	1507	3360	3298	3297
962	5	5	3190	3192	3349	3311
963	5	5	3185	3184	1310	1309	2503	2896	2895
964	5	5	2115	2991	3055	2589	2588	2728	2116
965	5	5	867	866	3289	9	8	7	501	517	516
966	5	5	3126	3361	1911	1910	2579	2578	2969
967	5	5	2010	1430	1429	3077	3362	3200	801	800	799	798
968	5	5	2806	2805	2352	2351	1938	1937
969	5	5	547	560	559	2785	3363	3271	3270
970	5	5	3364	1567	1570	375	374	373	3284
971	5	5	2977	2481	2480	2435	2434
972	5	5	1540	3234	2089	1744	208	207	206	205	204
973	5	5	287	286	285	3343	3263	3067	3066
974	5	5	442	441	192	191	1504
975	5	5	2483	3328	3179	3074	2484
976	5	5	3351	3365	3366	1485	1484	3352
977	5	5	3173	3056	3058	3093	3230	3229
978	5	5	98	97	96	95	2953	2952	1517	1516
979	5	5	2915	1716	1715	3253
980	5	5	2791	2790	3367	3368	1476	1475
981	5	5	3369	3072	1817	1820	2466	2465	2831
982	5	5	2368	2452	3238	2110	2109
983	5	5	3370	3371	3372	3373	111	110
984	5	5	3037	3169	2642	2305	2304
985	5	5	3068	2129	2128	3277
986	5	5	611	628	627	1883	2674
987	5	5	218	217	2527	1768	1767	2298	2542
988	5	5	3374	2622	1924	1923	2135	2284
989	5	5	2703	2958	2546	2545	2704
990	5	5	1048	1047	1046	1045	2057	2056	3313	3274	3127
991	5	5	83	82	81	2549	2548	2209
992	5	5	3039	3375	2007	2006	3376	3040
993	5	5	3266	2712	2687	2691
994	5	5	2357	1034	1044	1043	3377	3378	2358
995	5	5	3018	1520	1184	1183	1994	3181	3168
996	5	5	154	153	2563
997	5	5	1612	1611	2127	2126	2387	2386
998	5	5	1372	1371	1935	1934	1879
999	5	5	2231	3379	2948	1368	1367	2072	2071
1000	5	5	1548	3320	3214	3216	1549
1001	5	5	305	304	303	2095	2094	3380	3149	3150
1002	5	5	3092	3094	1736	1735	2084	2083	3231
1003	5	5	3381	2956	2955	2858	2857
1004	5	5	631	630	1272	2847	692	691
1005	5	5	3321	3262	3245	3244
1006	5	5	3167	1673	1675	2910	2912	2199	2198
1007	5	5	3382	3383	3384	1912	1472	1471
1008	5	5	1081	1080	1079	1078	1077	2565	1680	1679	3096	2930
1009	5	5	1095	1094	1093	1583	1587	2412	2411	3385	3299
1010	5	5	1331	1338	3382	1471	1470
1011	5	5	567	566	2844	3076	3010
1012	5	5	69	68	67	2273	2884	2883
1013	5	5	438	455	454	3301	3300
1014	5	5	1560	1884	3386	2842	1561
1015	5	5	3198	3384	3383	3387	3276	3199
1016	5	5	3146	3145	3388	2281	2280	3285
1017	5	5	1203	1202	2502	1721	1720	3135
1018	5	5	2170	3278	3281	2171
1019	5	5	1643	1642	601	600	599	2973	2770	2769
1020	5	5	2373	2372	2889	2509
1021	5	5	3219	3389	1557	1556	3390	3391	3346	3220
1022	5	5	2404	2409	3170	3341	3340
1023	5	5	3302	2906	2909	1594	1597	2025
1024	5	5	2992	2513	1167	1166
1025	5	5	973	972	971	970	969	968	967	2758	2757	3163	2055	2054	3392	2322
1026	5	5	823	822	821	2235	494	493	2415
1027	5	5	102	101	2606	3277	2128	2127	1611	1610	3187
1028	5	5	2195	2194	2700	3393	1345	1344
1029	5	5	1809	2934	1887	1886	1810
1030	5	5	401	400	2916
1031	5	5	1943	1946	2253	2342	2341	3394
1032	5	5	2518	3146	3285	3286	3282	2519
1033	5	5	115	114	113	2019	2018	3254
1034	5	5	3005	3004	3164	3227
1035	5	5	3251	3353	3352	1484	1483	2597
1036	5	5	1023	1022	2973	599	598
1037	5	5	449	448	447	1631	1176	1181	3336
1038	5	5	1494	2702	2709	3312	2496	2500	1495
1039	5	5	1225	3395	3131	1719	1226
1040	5	5	3242	107	106	3243
1041	5	5	3350	3396	3365	3351
1042	5	5	2619	1383	1388	1889	3276	3387
1043	5	5	3397	2316	2322	3392	3398	3399	3400
1044	5	5	3094	2811	1737	1736
1045	5	5	118	117	1623	1622	2607
1046	5	5	3401	3402	3115	3118	3403	3404
1047	5	5	712	711	3405	1626
1048	5	5	3323	2954	2448	2447
1049	5	5	3406	3385	2411	133	147	146	1278	1277
1050	5	5	1943	3394	3366	3365	3396	2887	2886	1944
1051	5	5	2858	2955	2954	3323	2292	2291
1052	5	5	1172	1391	1968	2722	2733	1173
1053	5	5	112	111	3373	3407	3001
1054	5	5	3305	3310	2945	2944	1695	1694
1055	5	5	2790	2637	2636	2675	2807	3408	3367
1056	5	5	3401	2794	2232	1527	1531	3233	3402
1057	5	5	2544	2705	2704	2545
1058	5	5	1952	3409	3380	2094	2093	2655	1953
1059	5	5	2451	2450	2795	2813	2967	3239
1060	5	5	711	723	722	1888	3410	3411	3405
1061	5	5	2278	2281	3388	3412	3413	3295
1062	5	5	2314	2833	2832	2315
1063	5	5	2295	2301	1919	1918	3327
1064	5	5	3414	2035	2038	3415	2633	2632
1065	5	5	3087	3086	3416	3417	3418
1066	5	5	163	162	18	17
1067	5	5	3213	2177	2176	1607	1186	1192
1068	5	5	17	38	37	36	2188	2780	2779	164	163
1069	5	5	1069	1068	1899	1898	2905	2252
1070	5	5	887	896	895	894	3419	2353	2358	3378	3420	1683	1687	2419
1071	5	5	2543	2775	2774	2872	2706	2705	2544
1072	5	5	940	939	938	950	949	1554	3054	2742	2741	3421
1073	5	5	2761	2760	2879	2815	2814	3247
1074	5	5	2514	1353	1357	2635	2634	3194	2515
1075	5	5	212	211	3422	3423	2238	2237
1076	5	5	1409	1408	3424	3425	1995
1077	5	5	1196	1195	3000	593	592
1078	5	5	15	14	2789	2788	3318
1079	5	5	2750	2749	2926	3028	1703	1702
1080	5	5	2040	1238	1237	2328
1081	5	5	3426	3374	2284	2283	3007	3119
1082	5	5	3101	3202	3102
1083	5	5	647	646	645	644	2580	2248	2247	3427	1713	1712	1936	1942	2470
1084	5	5	569	568	3011	3180	1927	1926	3331
1085	5	5	1217	1223	2182
1086	5	5	2869	2203	2202	2870
1087	5	5	1900	1899	1068	1067	1066	2523	2042
1088	5	5	1025	1024	1023	598	597	596	1523	1522
1089	5	5	1377	1376	748	747	746	3428	3363	2785	2224	2223
1090	5	5	2899	1426	1293	1292
1091	5	5	3335	2221	1869	1868	3041	3136
1092	5	5	2170	2172	2496	3312	3279	3278
1093	5	5	2050	2053	3429
1094	5	5	765	764	763	2287	1453	1456	2290	2902
1095	5	5	3430	3431	1951	1950	2023
1096	5	5	2033	2032	3299	3385	3406
1097	5	5	3249	2097	2096	2693	3250
1098	5	5	3347	3346	3391
1099	5	5	3368	1840	1477	1476
1100	5	5	2873	1432	1431	2401
1101	5	5	539	538	537	2667	2666	2772	2771	2864
1102	5	5	488	487	3153	2098	2097	3249
1103	5	5	1028	1027	2004	2003	3130	3129
1104	5	5	3293	3356	2489	2488	2881	2120	2119
1105	5	5	3341	3170	2947	2946	3309	3308
1106	5	5	2473	2648	2317	2316	3397	2474
1107	5	5	1872	1871	1913	1917	2302
1108	5	5	3378	3377	3314	791	790	789	3420
1109	5	5	2841	3345	3344	3393	2700	2699
1110	5	5	933	932	1944	2886	1235
1111	5	5	3188	3432	3415	2038	2037	3105	3189
1112	5	5	1834	1833	2896	2503
1113	5	5	2640	2639	2274	65	64	63	1806	1805
1114	5	5	1287	1286	2422	2218	2217
1115	5	5	152	151	150	3141	3330	3329	2611	2610
1116	5	5	548	547	3270	1824	1823	3215
1117	5	5	3212	3211	3070	3069	3355
1118	5	5	1705	1711	3228	2340
1119	5	5	2474	3397	3400	1600	1599	2475
1120	5	5	2404	3340	3342	1552	1551	2405
1121	5	5	2394	2131	2130	2882	2560	2559	2395
1122	5	5	577	576	511	510
1123	5	5	3433	3113	848	847	846	3257	3259
1124	5	5	364	363	3414	2632	2631	2793
1125	5	5	281	280	279	278	2210	2209	2548	1328
1126	5	5	1691	1690	2426	2809	2808	2001	2000
1127	5	5	3430	3434	2554	2553	3260	3431
1128	5	5	781	780	3435	3159	3158
1129	5	5	2231	1876	1875	3379
1130	5	5	49	48	47	1497	1496	2499
1131	5	5	3402	3233	3116	3115
1132	5	5	3046	2735	2350	2349	3189	3105	3104
1133	5	5	2697	3047	2698
1134	5	5	1349	1676	1682	1350
1135	5	5	2649	2654	3436	3316
1136	5	5	2995	3296	1412	1411	2270	246	245
1137	5	5	2044	651	650	649	648	2471	3171	3437	1906	1524	1523	596	610	609
1138	5	5	527	526	3438	2587	2586	3360	1507
1139	5	5	3309	2946	2945	3310
1140	5	5	2239	3070	3211	3210	1636	1635
1141	5	5	33	32	3089	3091	1423
1142	5	5	1178	1273	629	643	642	1481	1179
1143	5	5	3433	3369	2831	2833	2314	2313	2456	2455	3113
1144	5	5	1622	1626	3405	3411	2608	2607
1145	5	5	269	268	1248
1146	5	5	1608	2059	1647	1646	1609
1147	5	5	3147	2348	2347	2990	2989	3148
1148	5	5	1909	1912	3384	3198
1149	5	5	1764	2526	2530	2812	3063	3439	1765
1150	5	5	701	710	709	1257	1256	1894	3429	2053	2052
1151	5	5	2338	2337	1462	1461	3330	3141	3140
1152	5	5	942	941	940	3421	2271	2274	2639	2638
1153	5	5	1880	1783	1782	2755	2845
1154	5	5	3440	3225	3224	1763	1762	2724
1155	5	5	606	605	604	603	2718	1728	1727	2045
1156	5	5	2255	2158	1212	1211
1157	5	5	3213	1192	1191	2686	2685	3034
1158	5	5	1403	3441	2133	2132	3442	1404
1159	5	5	1164	3443	3424	1408	1165
1160	5	5	3210	3209	3444	3354	2664	1637	1636
1161	5	5	696	695	694	693	2848	3445	1633	1632	3268	3267
1162	5	5	3442	2132	2131	2394	2393
1163	5	5	3356	3355	3069	2233	2238	3423	2490	2489
1164	5	5	1240	3324	2987	2468	2467	1241
1165	5	5	1224	2998	2852	2851	3395	1225
1166	5	5	3433	3259	3258	3073	3072	3369
1167	5	5	2822	2714	2716	1803	1802	3172
1168	5	5	1252	2581	2580	644	655	654
1169	5	5	1945	931	930	929	928	1665	1664
1170	5	5	3446	3444	3209	3208
1171	5	5	1967	1966	3426	3119	2723
1172	5	5	2449	1274	1280	2670	1983	1988	2623
1173	5	5	556	555	554	2011
1174	5	5	3381	3332	3331	1926	1925	2327	2956
1175	5	5	1864	2155	2154	1846	1845
1176	5	5	3400	3399	3339	1601	1600
1177	5	5	1043	1042	3314	3377
1178	5	5	3075	3180	3011	3010	3076
1179	5	5	1940	2030	3437	3171	1941
1180	5	5	3195	638	637	1550	3196
1181	5	5	883	882	881	2591	2590	1553	1552	3342	3307	3306
1182	5	5	2998	2997	3436	2654	2653	2852
1183	5	5	363	362	361	2035	3414
1184	5	5	70	69	2883	2882	2130
1185	5	5	1237	1236	1264	299	311	310	2328
1186	5	5	2814	2378	2377	3247
1187	5	5	3358	2927	2929	2935	898	897	3447
1188	5	5	3088	3087	3418	3448	3449	3053	3052
1189	5	5	3118	3117	3012	2629	2628	3032	3403
1190	5	5	846	845	844	3022	3021	3073	3258	3257
1191	5	5	554	553	552	2478	3450	2012	2011
1192	5	5	368	367	366	365	2792	2791	1475	1474	2214
1193	5	5	1153	1152	2830	2829	3151
1194	5	5	3439	2299	1766	1765
1195	5	5	1922	1921	2961	2964	2136
1196	5	5	2263	2797	2938	2913	2877	2759	2264
1197	5	5	2398	2091	2090	3241	3240	2399
1198	5	5	3451	1512	1511	1794
1199	5	5	3092	3231	3230	3093
1200	5	5	1962	2828	685	684
1201	5	5	3120	2919	2922	3103
1202	5	5	3265	3111	3110	2713	2712	3266
1203	5	5	2250	2252	2905	2904	3345	2841
1204	5	5	789	788	796	795	1578	1577	1683	3420
1205	5	5	1842	1844	3084	2796	1381	1380
1206	5	5	3083	2677	1619	1618	2891
1207	5	5	3412	3452	3453	3454	3443	1164	1163	3413
1208	5	5	3316	3436	2997	2996	2730	2729	2960	2959
1209	5	5	2112	2429	2428	3107	3106	3064	2113
1210	5	5	312	328	327	326	2682	2092	1652	1651
1211	5	5	3455	3456	3177	3176	1996	1995	3425
1212	5	5	2934	2933	3154	3410	1888	1887
1213	5	5	230	229	1628	1627	2897	2901	2980
1214	5	5	1890	1714	1713	3427
1215	5	5	2671	3457	3319	2540	2539	2672
1216	5	5	3060	3059	2424	2423	3287
1217	5	5	2487	2490	3423	3422	3009	2880
1218	5	5	3151	2829	2828	1962	1400	1399
1219	5	5	1374	3005	3227	2143	1500	1499	1375
1220	5	5	2608	3411	3410	3154	485	500	499	498
1221	5	5	3450	1653	624	623	622	2012
1222	5	5	2611	3329	750	760	759	758
1223	5	5	2988	3325	3165	3166	2153	2152
1224	5	5	1884	903	902	901	900	1448	1452	3386
1225	5	5	894	893	892	891	2420	3014	3419
1226	5	5	844	843	2134	2137	3023	3022
1227	5	5	899	898	2935
1228	5	5	1709	2141	3044	3043	2798	2802	3292	1710
1229	5	5	2921	3458	128	127	126	125	94	93	92
1230	5	5	2121	2120	2881	2720	2719
1231	5	5	464	463	462	2204	2203	2869	2868
1232	5	5	2196	2195	1344	1343	1595	2820	2819
1233	5	5	1086	1085	2364	2424	3059
1234	5	5	3357	1656	416	415	414	1751	1750
1235	5	5	707	706	2531	2275
1236	5	5	276	275	2676	3347	3391	3390
1237	5	5	264	263	1614	1492	1491	3098	2144
1238	5	5	447	446	3111	3265	3268	1632	1631
1239	5	5	202	201	200	2842	3386	1452	1451	1585
1240	5	5	2571	2570	3053	3449	1291	1290
1241	5	5	477	476	475	1222	1221	3459
1242	5	5	3336	1181	1180	1480	3337
1243	5	5	780	779	778	2062	3193	3460	3435
1244	5	5	2745	2834	2923	1589	1588	1590	2445	2325	2324
1245	5	5	1253	2276	2624	664	663	662	1254
1246	5	5	526	525	524	1789	1788	3438
1247	5	5	2741	2744	2272	2271	3421
1248	5	5	2114	1814	412	411	410
1249	5	5	3461	2211	1558	1557	3389
1250	5	5	1123	1135	1134	2486	2438	2437	3326
1251	5	5	424	437	436	289	288	287	3066	1773	1772
1252	5	5	615	614	613	3128	3275	1698	1700
1253	5	5	3050	2300	2299	3439	3063	3062
1254	5	5	1228	1231	2212	2211	3461	3462
1255	5	5	3462	3461	3389	3219	3225	3440
1256	5	5	3463	3178	3177	3456
1257	5	5	2090	2089	3234	3109	3108	3241
1258	5	5	141	140	139	467	466	465	464	2868	2773
1259	5	5	3413	1163	1162	1976	3295
1260	5	5	2747	27	26	2748
1261	5	5	3282	3286	2331	2330	3283
1262	5	5	2751	2750	1702	1701	2949
1263	5	5	396	395	2576	2575	2888	1169
1264	5	5	1838	1837	3027	2939	2615	2614	255	254	253
1265	5	5	1743	3009	3422	211	210	209
1266	5	5	3335	3136	1625	1624	2017	2016	3333
1267	5	5	3040	3376	3464	3114	2454	2453
1268	5	5	3398	2230	2229	1734	1733	3339	3399
1269	5	5	1836	1982	1981	3027	1837
1270	5	5	2289	2288	2984	2983
1271	5	5	3438	1788	1787	2587
1272	5	5	858	857	856	2806	1937	1936	1712
1273	5	5	1844	1843	1101	1100	1110	1109	3085	3084
1274	5	5	2441	2066	2065	3408	2807	1003	1002	1001	1000	999	998
1275	5	5	2009	1407	1406	1425	1430	2010
1276	5	5	572	571	570	3332	3381	2857
1277	5	5	3447	897	912	911	910	3006	3112
1278	5	5	3124	3125	3223	3222	1965	1964	2379	2190	2189	3465
1279	5	5	1991	1182	1185	1519	1657	1656	3357
1280	5	5	340	339	3464	3376	2006	803	802	3201
1281	5	5	1371	1370	1915	1931	1935
1282	5	5	946	945	2406	2405	1551
1283	5	5	1303	3122	3025	2164	2163	2876	1304
1284	5	5	3275	3274	3313	3002	1699	1698
1285	5	5	2713	3110	2767	190	189	188	2689	2688
1286	5	5	1966	1571	1574	2622	3374	3426
1287	5	5	2860	3466	633	632	631	691	690	689	2940	2861
1288	5	5	3401	3404	3467	2063	2064	2794
1289	5	5	2971	2970	3065	3359	3297
1290	5	5	967	966	965	964	963	2321	1986	1985	2014	1438	1437	2758
1291	5	5	3434	2294	1867	1777	1776	2554
1292	5	5	1654	3205	3204	1881	1655
1293	5	5	3460	3468	3155	3159	3435
1294	5	5	1725	2088	2863	1726
1295	5	5	2034	2033	3406	1277	1276
1296	5	5	223	222	221	220	1340	1339	1930	2419	1687	1686
1297	5	5	2598	2603	2689	188	187	186
1298	5	5	3319	3457	3459	1221	1220	1335	1334
1299	5	5	3344	1693	1346	1345	3393
1300	5	5	3001	3407	3469	2015	2020
1301	5	5	2803	854	853	1203	3135	3134
1302	5	5	2208	3173	3229	2082	2081
1303	5	5	2400	2399	3240	724	735	734	733	3361	3126
1304	5	5	522	521	520	2865	1031	1030	1029	1028	3129
1305	5	5	3081	2994	2993	460	459	1829	1161	1136	1144	1143	1142	1141	1413	3082
1306	5	5	129	128	3458	1717
1307	5	5	784	783	782	781	3158	3157	3315	3042	2885	1933
1308	5	5	2430	2429	2112	2111	3237	3236
1309	5	5	3290	3294	3322	3183	3182
1310	5	5	2307	2306	2645	2972	3298	3360	2586
1311	5	5	2893	2892	3181	1994	1993
1312	5	5	3051	3088	3052
1313	5	5	2777	2520	2522	1761	1760	2764
1314	5	5	1013	1012	1011	1418	3175	770	769	768	1592	1591
1315	5	5	3235	3239	2967	2966	3322	3294
1316	5	5	1564	3451	1794	1793	2823	2418	2417	1565
1317	5	5	1175	1174	2323	1929	1928
1318	5	5	1675	1674	2910
1319	5	5	3237	2111	2110	3238
1320	5	5	3432	2201	2200	3194	2634	2633	3415
1321	5	5	3443	3454	3455	3425	3424
1322	5	5	2439	2582	1205	1204	1661	1660
1323	5	5	2602	2601	698	697	696	3267	2690
1324	5	5	57	56	1667	2457	2456	2313
1325	5	5	2357	2356	1036	1035	1034
1326	5	5	1891	1890	3427	2247	2246
1327	5	5	81	80	2835	2550	2549
1328	5	5	2366	2838	2031	2034	1276	1275	2367
1329	5	5	1246	1245	2144	3098	3097	678	677	676	2661	2660
1330	5	5	106	105	104	3186	1645	1649	3243
1331	5	5	1271	3445	2848	2847	1272
1332	5	5	2312	2311	3061	3060	3287
1333	5	5	1906	3437	2030	1907
1334	5	5	2181	2184	2853	2986	2985
1335	5	5	95	94	125	124	123	122	2525	2524	2953
1336	5	5	28	27	2747	2746	2585
1337	5	5	1662	1661	1204	1208	3252	2220	2219	3015	2680	2384
1338	5	5	1210	3019	2262	2256	2255	1211
1339	5	5	3428	1536	1535	3272	3271	3363
1340	5	5	3303	1598	1604	2538
1341	5	5	1594	2909	2908	2816	2820	1595
1342	5	5	1677	3232	3095	1678
1343	5	5	391	406	405	2498	2497	233	232	231	230	2980	2979	3417	3416
1344	5	5	1117	1116	1115	2270	1411	1410
1345	5	5	3304	3467	3404	3403	3032	3031
1346	5	5	1367	1366	3264	2073	2072
1347	5	5	260	259	258	3321	3244	320	319	318
1348	5	5	3379	1875	1874	2731	2948
1349	5	5	2341	1486	1485	3366	3394
1350	5	5	3188	2197	2201	3432
1351	5	5	3207	2567	2568	3446	3208
1352	5	5	3124	3465	3090	2425	1689	1688
1353	5	5	3442	2393	2397	1405	1404
1354	5	5	3123	3283	2330	2329	2875	2179	2178
1355	5	5	3217	1503	1502	1258	1263	2359
1356	5	5	3148	2989	2778	2463	2462
1357	5	5	3470	2008	2007	3375
1358	5	5	2050	3429	1894	1897	3317	2551	2051
1359	5	5	1338	1337	2620	2619	3387	3383	3382
1360	5	5	3264	3263	3343	2074	2073
1361	5	5	145	144	3471	78	77
1362	5	5	3430	2023	1807	1813	2294	3434
1363	5	5	3284	1104	1103	3026	3364
1364	5	5	3091	3090	3465	2189	1424	1423
1365	5	5	1414	2924	2535	2534	3078	3256	1415
1366	5	5	3361	733	732	731	730	729	1199	1832	1831	1911
1367	5	5	3039	1666	1669	3441	1403	1402	3470	3375
1368	5	5	2495	2494	3252	1208	1207	2867
1369	5	5	3196	1550	1549	3216	3215	1823	1822
1370	5	5	1669	1668	53	72	71	2133	3441
1371	5	5	104	103	102	3187	3186
1372	5	5	3269	3273	3301	454	453	983	982	981	980	979
1373	5	5	2437	2436	2296	2295	3327	3326
1374	5	5	3242	2951	2950	3048	3371	3370	109	108	107
1375	5	5	2839	2344	2348	3147
1376	5	5	1209	3100	3071	3020	3019	1210
1377	5	5	2551	3317	2942	2941	3149	3380	3409	3261	2552
1378	5	5	341	340	3201	3200	3362
1379	5	5	3358	3447	3112	2389	2392	2932
1380	5	5	159	158	3061	2311	2310
1381	5	5	3174	1795	1510	1509
1382	5	5	3446	2568	1296	1300	2768	3354	3444
1383	5	5	2871	2870	2202	239	238	2171	3281	3280
1384	5	5	2557	2562	2573	2572	3143
1385	5	5	660	659	658	0	16	15	3318	1896	1895
1386	5	5	2899	1292	1291	3449	3448	2978	2900
1387	5	5	1643	2769	1299	1298
1388	5	5	3392	2054	2058	2230	3398
1389	5	5	296	295	294	2	1	0	658	657	656	2936
1390	5	5	3470	1402	1407	2009	2008
1391	5	5	1058	1057	1056	1055	2482	3038	2343	1281
1392	5	5	3248	3138	3137	2596	2595	1468	1467
1393	5	5	3368	3367	3408	2065	584	583	582	1841	1840
1394	5	5	353	352	1544	1543	2104
1395	5	5	564	563	562	561	2343	3038	2976	2975	2843
1396	5	5	640	639	638	3195	3197	3338	3337	1480
1397	5	5	3431	3260	3261	3409	1952	1951
1398	5	5	2822	3172	2416	2418	2823
1399	5	5	1228	3462	3440	2724	2521	1949	1229
1400	5	5	1270	1634	1633	3445	1271
1401	5	5	1498	737	736	749	748	1376	1375	1499
1402	5	5	2049	2048	2149	1620	1621	3226
1403	5	5	2754	2354	2353	3419	3014	3013
1404	5	5	2435	2480	2479	2297	2296	2436
1405	5	5	1193	1196	592	591	2260
1406	5	5	5	4	3	2185	505	504	503
1407	5	5	2872	2871	3280	2707	2706
1408	5	5	439	438	3300	1534	1533	2824
1409	5	5	2737	2740	10	9	3289	3288	2974
1410	5	5	365	364	2793	2792
1411	5	5	1280	1279	75	74	73	2670
1412	5	5	810	809	819	818	817	2014	1985	1984	2669	1947
1413	5	5	1318	1317	1990	2577	1859	1858
1414	5	5	2982	2981	3452	3412	3388	3145
1415	5	5	307	306	305	3150	2943	2786	2146	2145
1416	5	5	359	358	357	2801	2800	2036
1417	5	5	1835	3036	2999	1977	1982	1836
1418	5	5	2837	839	838	3114	3464	339	338	337
1419	5	5	1394	3253	1715	1718	1395
1420	5	5	3471	2836	2835	80	79	78
1421	5	5	2693	2692	2887	3396	3350	3353	3251	3250
1422	5	5	278	277	276	3390	1556	1555	2210
1423	5	5	144	143	142	2776	2836	3471
1424	5	5	506	505	2185	293	292	291
1425	5	5	774	773	3178	3463	3453	3452	2981
1426	5	5	2277	2046	2049	3226	2205	2207	1759	1758
1427	5	5	213	212	2237	2236	2085
1428	5	5	3417	2979	2978	3448	3418
1429	5	5	1469	1468	2595	2381	2380	2766
1430	5	5	162	161	19	18
1431	5	5	1711	1710	3292	1862	1861	3228
1432	5	5	2992	1354	1353	2514	2513
1433	5	5	975	985	984	983	453	452	3338	3197	1821
1434	5	5	1732	2674	1883	1882	3203	3160	470	469
1435	5	5	479	478	477	3459	3457	2671
1436	5	5	3328	1392	1171	1170	3179
1437	5	5	3372	3469	3407	3373
1438	5	5	1121	1120	1119	1996	3176	3175	1418	1417
1439	5	5	3454	3453	3463	3456	3455
1440	5	5	342	341	3362	3077	2533	2532
1441	5	5	2476	2475	1599	1598	3303	1311	1310	3184
1442	5	5	2625	346	345	3334
1443	5	5	3024	634	633	3466
1444	5	5	641	1481	642
1445	5	5	688	2940	689
1446	5	5	978	1825	3269	979
1447	5	5	745	1536	3428	746
1448	5	5	956	2186	957
1449	5	5	148	3017	149
1450	5	5	155	2566	156
1451	5	5	369	2215	3291	370
1452	5	5	375	1570	376
1453	5	5	377	1569	378
1454	5	5	581	1841	582
1455	5	5	942	2638	943
1456	5	5	883	3306	884
1457	5	5	472	2442	473
1458	5	5	921	2432	922
1459	5	5	233	2497	234
1460	5	5	391	3416	3086	392
1461	5	5	1013	1591	1014
1462	5	5	407	1747	408
1463	5	5	608	2044	609
1464	5	5	109	3370	110
1465	5	5	115	3254	116
1466	5	5	666	2630	667
1467	5	5	512	2854	513
1468	5	5	574	2856	2855	575
1469	5	5	1039	3042	3315	1040
