0	1	1	0	1	2	3	4	5	6	7	8	9	10	11	12	13	14	15	16
1	1	1	17	18	19	20	21	22	23	24	25	26	27	28	29
2	1	1	30	31	32	33	34	35	36	37	38	39	40
3	1	1	41	42	43	44	45	46	47	48	49	50	51	52	53	54	55	56
4	1	1	57	58	59	60	61	62	63	64	65	66	67	68	69	70
5	1	1	71	72	73	74	75	76	77	78	79	80	81	82	83	84
6	1	1	85	86	87	88	89	90	91	92	93	94	95
7	2	2	96	97	98	99	100	101	102	103	104	105	106	107	108	109	110	111	112
8	2	2	113	114	115	116	117	118	119	120	121	122	123	124
9	2	2	125	126	127	128	129	130	131	132	133	134	135	136
10	2	2	137	138	139	140	141	142	143	144	145	146	147	148	149	150	151	152
11	2	2	153	154	155	156	157	158	159	160	161	162
12	2	2	163	164	165	166	167	168	169	170	171	172	173	174	175	176
13	2	2	177	178	179	180	181	182	183	184	185
14	2	2	186	187	188	189	190	191	192	193	194	195	196	197	198
15	2	2	199	200	201	202	203	204	205	206	207	208	209	210	211	212
16	2	2	213	214	215	216	217	218	219	220	221	222	223	224	225	226
17	2	2	227	228	229	230	231	232	233	234	235	236	237	238	239
18	2	2	240	241	242	243	244	245	246	247	248	249	250	251	252	253	254	255	256	257	258
19	2	2	259	260	261	262	263	264	265	266	267	268
20	2	2	269	270	271	272	273	274	275	276	277	278	279	280	281	282	283	284	285	286	287
21	2	2	288	289	290	291	292	293	294	295	296	297	298	299	300	301
22	2	2	302	303	304	305	306	307	308	309	310	311	312	313	314	315	316	317	318
23	2	2	319	320	321	322	323	324	325	326	327	328
24	2	2	329	330	331	332	333	334	335	336	337	338	339	340
25	2	2	341	342	343	344	345	346	347	348	349	350	351	352	353	354	355	356	357	358
26	2	2	359	360	361	362	363	364	365	366	367	368	369	370	371	372
27	2	2	373	374	375	376	377	378	379	380	381	382	383	384	385	386	387	388	389
28	2	2	390	391	392	393	394	395	396	397	398	399	400	401	402	403	404	405	406	407	408
29	2	2	409	410	411	412	413	414	415	416	417	418	419	420	421	422
30	2	2	423	424	425	426	427	428	429	430	431	432	433	434	435	436	437
31	2	2	438	439	440	441	442	443	444	445	446	447	448	449	450	451	452	453
32	2	2	454	455	456	457	458	459	460	461	462	463	464	465	466	467	468	469	470	471
33	2	2	472	473	474	475	476	477	478	479	480	481	482	483	484	485	486	487	488	489	490
34	2	2	491	492	493	494	495	496	497	498	499	500	501
35	2	2	502	503	504	505	506	507	508	509	510	511
36	2	2	512	513	514	515	516	517	518	519	520	521	522	523
37	2	2	524	525	526	527	528	529	530
38	2	2	531	532	533	534	535	536	537	538	539	540	541	542
39	2	2	543	544	545	546	547	548	549	550	551	552	553
40	2	2	554	555	556	557	558	559	560	561	562	563	564	565
41	2	2	566	567	568	569	570	571	572	573	574	575	576	577	578	579	580	581
42	2	2	582	583	584	585	586	587	588	589	590	591	592
43	2	2	593	594	595	596	597	598	599	600	601	602	603	604	605	606	607	608
44	2	2	609	610	611	612	613	614	615	616	617	618	619	620	621	622	623	624	625
45	3	3	626	627	628	629	630	631	632	633	634	635
46	3	3	636	637	638	639	640	641	642	643	644	645	646	647	648	649	650	651
47	3	3	652	653	654	655	656	657	658	659	660	661	662	663	664	665
48	3	3	666	667	668	669	670	671	672	673	674	675
49	3	3	676	677	678	679	680	681	682	683	684	685	686	687	688	689	690
50	3	3	691	692	693	694	695	696	697	698	699	700	701
51	3	3	702	703	704	705	706	707	708	709	710	711	712	713	714
52	3	3	715	716	717	718	719	720	721	722	723	724	725	726	727
53	3	3	728	729	730	731	732	733	734	735	736	737	738	739	740
54	3	3	741	742	743	744	745	746	747	748	749	750	751	752
55	3	3	753	754	755	756	757	758	759	760	761	762	763	764	765	766	767	768	769	770
56	3	3	771	772	773	774	775	776	777	778	779	780	781	782	783	784	785	786	787	788
57	3	3	789	790	791	792	793	794	795	796	797	798	799	800
58	3	3	801	802	803	804	805	806	807	808	809	810	811	812	813	814	815	816	817	818	819	820
59	3	3	821	822	823	824	825	826	827	828	829	830	831
60	3	3	832	833	834	835	836	837	838	839	840	841	842	843
61	3	3	844	845	846	847	848	849	850	851	852	853	854	855	856	857	858	859
62	3	3	860	861	862	863	864	865	866	867	868	869	870	871	872
63	3	3	873	874	875	876	877	878	879	880	881	882	883	884	885
64	3	3	886	887	888	889	890	891	892	893	894	895	896	897	898	899	900	901	902
65	3	3	903	904	905	906	907	908	909	910	911	912	913	914	915	916	917	918	919	920
66	3	3	921	922	923	924	925	926	927	928	929	930	931	932	933	934	935	936
67	3	3	937	938	939	940	941	942	943	944
68	3	3	945	946	947	948	949	950	951	952	953	954	955	956	957	958
69	3	3	959	960	961	962	963	964	965	966	967	968	969	970	971	972	973	974
70	3	3	975	976	977	978	979	980	981	982	983	984	985	986	987	988	989	990	991	992
71	3	3	993	994	995	996	997	998	999	1000	1001	1002
72	3	3	1003	1004	1005	1006	1007	1008	1009	1010	1011	1012	1013	1014	1015	1016
73	3	3	1017	1018	1019	1020	1021	1022	1023	1024	1025
74	3	3	1026	1027	1028	1029	1030	1031	1032	1033	1034	1035	1036
75	3	3	1037	1038	1039	1040	1041	1042	1043	1044	1045	1046	1047	1048	1049	1050
76	3	3	1051	1052	1053	1054	1055	1056	1057	1058	1059	1060	1061	1062	1063	1064	1065	1066
77	3	3	1067	1068	1069	1070	1071	1072	1073	1074	1075	1076	1077	1078	1079	1080	1081	1082
78	3	3	1083	1084	1085	1086	1087	1088	1089	1090	1091	1092	1093	1094	1095	1096	1097	1098
79	3	3	1099	1100	1101	1102	1103	1104	1105	1106	1107	1108	1109	1110	1111	1112
80	3	3	1113	1114	1115	1116	1117	1118	1119	1120	1121	1122	1123	1124	1125	1126
81	3	3	1127	1128	1129	1130	1131	1132	1133	1134	1135	1136	1137	1138	1139	1140	1141	1142
82	3	3	1143	1144	1145	1146	1147	1148	1149	1150	1151	1152	1153	1154	1155
83	3	3	1156	1157	1158	1159	1160	1161	1162	1163	1164	1165	1166	1167	1168
84	3	3	1169	1170	1171	1172	1173	1174	1175	1176	1177	1178	1179	1180	1181	1182	1183
85	3	3	1184	1185	1186	1187	1188	1189	1190	1191	1192	1193	1194	1195	1196	1197
86	3	3	1198	1199	1200	1201	1202	1203	1204	1205	1206	1207	1208	1209	1210
87	3	3	1211	1212	1213	1214	1215	1216	1217	1218	1219	1220
88	3	3	1221	1222	1223	1224	1225	1226	1227	1228	1229	1230	1231	1232	1233	1234
89	3	3	1235	1236	1237	1238	1239	1240	1241	1242	1243	1244	1245	1246	1247	1248
90	3	3	1249	1250	1251	1252	1253	1254	1255	1256	1257	1258	1259	1260	1261
91	3	3	1262	1263	1264	1265	1266	1267	1268	1269	1270	1271	1272	1273	1274
92	3	3	1275	1276	1277	1278	1279	1280	1281	1282	1283	1284	1285	1286	1287
93	3	3	1288	1289	1290	1291	1292	1293	1294	1295	1296	1297	1298	1299	1300	1301
94	3	3	1302	1303	1304	1305	1306	1307	1308	1309	1310	1311	1312	1313
95	3	3	1314	1315	1316	1317	1318	1319	1320	1321	1322	1323	1324	1325	1326	1327	1328	1329	1330	1331
96	3	3	1332	1333	1334	1335	1336	1337	1338	1339	1340	1341	1342	1343	1344	1345
97	3	3	1346	1347	1348	1349	1350	1351	1352	1353	1354	1355	1356	1357
98	3	3	1358	1359	1360	1361	1362	1363	1364	1365	1366	1367	1368	1369
99	3	3	1370	1371	1372	1373	1374	1375	1376	1377	1378
100	3	3	1379	1380	1381	1382	1383	1384	1385	1386	1387	1388	1389	1390	1391	1392	1393	1394	1395
101	3	3	1396	1397	1398	1399	1400	1401	1402	1403	1404
102	3	3	1405	1406	1407	1408	1409	1410	1411	1412
103	3	3	1413	1414	1415	1416	1417	1418	1419	1420	1421	1422	1423	1424
104	3	3	1425	1426	1427	1428	1429	1430	1431	1432	1433	1434	1435
105	3	3	1436	1437	1438	1439	1440	1441	1442	1443	1444	1445	1446	1447	1448	1449	1450	1451
106	3	3	1452	1453	1454	1455	1456	1457	1458	1459	1460	1461	1462
107	3	3	1463	1464	1465	1466	1467	1468	1469	1470	1471	1472	1473	1474
108	3	3	1475	1476	1477	1478	1479	1480	1481	1482	1483	1484	1485
109	3	3	1486	1487	1488	1489	1490	1491	1492	1493	1494	1495	1496	1497	1498	1499	1500	1501
110	3	3	1502	1503	1504	1505	1506	1507	1508	1509	1510	1511	1512	1513	1514	1515	1516	1517
111	3	3	1518	1519	1520	1521	1522	1523	1524	1525	1526	1527	1528	1529	1530
112	3	3	1531	1532	1533	1534	1535	1536	1537	1538	1539
113	3	3	1540	1541	1542	1543	1544	1545	1546	1547	1548	1549	1550	1551	1552	1553	1554
114	3	3	1555	1556	1557	1558	1559	1560	1561	1562	1563	1564	1565	1566	1567	1568	1569	1570
115	4	4	1571	1572	1573	1574	1575	1576	1577	1578	1579	1580
116	4	4	1581	1582	1583	1584	1585	1586	1587
117	4	4	1588	1589	1590	1591	1592	1593	1594	1595	1596
118	4	4	1597	1598	1599	1600	1601	1602	1603	1604	1605	1606
119	4	4	1607	1608	1609	1610	1611	1612	1613	1614
120	4	4	1615	1616	1617	1618	1619	1620	1621	1622	1623	1624
121	4	4	1625	1626	1627	1628	1629	1630	1631	1632	1633	1634	1635	1636
122	4	4	1637	1638	1639	1640	1641	1642	1643	1644	1645
123	4	4	1646	1647	1648	1649	1650	1651	1652	1653	1654
124	4	4	1655	1656	1657	1658	1659	1660	1661	1662	1663	1664	1665	1666	1667	1668	1669
125	4	4	1670	1671	1672	1673	1674	1675	1676	1677
126	4	4	1678	1679	1680	1681	1682	1683	1684	1685	1686
127	4	4	1687	1688	1689	1690	1691	1692	1693	1694	1695	1696
128	4	4	1697	1698	1699	1700	1701	1702	1703	1704	1705	1706
129	4	4	1707	1708	1709	1710	1711	1712	1713	1714	1715	1716	1717	1718	1719
130	4	4	1720	1721	1722	1723	1724	1725	1726	1727	1728	1729
131	4	4	1730	1731	1732	1733	1734	1735	1736	1737	1738	1739
132	4	4	1740	1741	1742	1743	1744	1745	1746	1747	1748	1749	1750	1751
133	4	4	1752	1753	1754	1755	1756	1757	1758	1759	1760
134	4	4	1761	1762	1763	1764	1765	1766	1767	1768	1769	1770
135	4	4	1771	1772	1773	1774	1775	1776	1777	1778	1779	1780	1781	1782
136	4	4	1783	1784	1785	1786	1787	1788	1789	1790	1791
137	4	4	1792	1793	1794	1795	1796	1797	1798	1799	1800	1801	1802
138	4	4	1803	1804	1805	1806	1807	1808	1809	1810	1811	1812	1813	1814
139	4	4	1815	1816	1817	1818	1819	1820	1821
140	4	4	1822	1823	1824	1825	1826	1827	1828	1829	1830
141	4	4	1831	1832	1833	1834	1835	1836	1837	1838	1839	1840	1841
142	4	4	1842	1843	1844	1845	1846	1847	1848	1849
143	4	4	1850	1851	1852	1853	1854	1855	1856
144	4	4	1857	1858	1859	1860	1861	1862	1863	1864	1865	1866
145	4	4	1867	1868	1869	1870	1871	1872	1873	1874	1875
146	4	4	1876	1877	1878	1879	1880	1881	1882	1883	1884	1885	1886
147	4	4	1887	1888	1889	1890	1891	1892	1893	1894	1895	1896	1897
148	4	4	1898	1899	1900	1901	1902	1903	1904	1905	1906	1907	1908	1909
149	4	4	1910	1911	1912	1913	1914	1915	1916	1917	1918	1919	1920
150	4	4	1921	1922	1923	1924	1925	1926	1927	1928	1929	1930	1931	1932	1933
151	4	4	1934	1935	1936	1937	1938	1939	1940	1941	1942	1943	1944	1945
152	4	4	1946	1947	1948	1949	1950	1951	1952	1953	1954	1955	1956	1957	1958
153	4	4	1959	1960	1961	1962	1963	1964	1965	1966	1967	1968	1969	1970	1971
154	4	4	1972	1973	1974	1975	1976	1977	1978	1979	1980
155	4	4	1981	1982	1983	1984	1985	1986	1987	1988	1989	1990
156	4	4	1991	1992	1993	1994	1995	1996	1997	1998	1999	2000	2001
157	4	4	2002	2003	2004	2005	2006	2007	2008	2009	2010	2011	2012
158	4	4	2013	2014	2015	2016	2017	2018	2019	2020	2021	2022	2023	2024	2025	2026
159	4	4	2027	2028	2029	2030	2031	2032	2033	2034	2035
160	4	4	2036	2037	2038	2039	2040	2041	2042	2043	2044
161	4	4	2045	2046	2047	2048	2049	2050	2051	2052	2053	2054
162	4	4	2055	2056	2057	2058	2059	2060	2061	2062	2063	2064	2065	2066	2067
163	4	4	2068	2069	2070	2071	2072	2073	2074	2075	2076
164	4	4	2077	2078	2079	2080	2081	2082	2083	2084
165	4	4	2085	2086	2087	2088	2089
166	4	4	2090	2091	2092	2093	2094	2095	2096	2097	2098	2099
167	4	4	2100	2101	2102	2103	2104	2105	2106	2107	2108	2109
168	4	4	2110	2111	2112	2113	2114	2115	2116
169	4	4	2117	2118	2119	2120	2121	2122	2123	2124	2125	2126	2127
170	4	4	2128	2129	2130	2131	2132	2133	2134	2135	2136	2137
171	4	4	2138	2139	2140	2141	2142	2143	2144	2145	2146	2147	2148	2149
172	4	4	2150	2151	2152	2153	2154	2155	2156	2157	2158	2159	2160
173	4	4	2161	2162	2163	2164	2165	2166	2167	2168	2169	2170	2171	2172	2173
174	4	4	2174	2175	2176	2177	2178	2179	2180	2181	2182	2183
175	4	4	2184	2185	2186	2187	2188	2189	2190	2191	2192	2193	2194
176	4	4	2195	2196	2197	2198	2199	2200	2201
177	4	4	2202	2203	2204	2205	2206	2207	2208	2209	2210
178	4	4	2211	2212	2213	2214	2215	2216	2217	2218	2219	2220	2221	2222
179	4	4	2223	2224	2225	2226	2227	2228	2229	2230	2231	2232
180	4	4	2233	2234	2235	2236	2237	2238	2239	2240	2241	2242	2243
181	4	4	2244	2245	2246	2247	2248	2249	2250	2251
182	4	4	2252	2253	2254	2255	2256	2257	2258	2259	2260	2261	2262	2263
183	4	4	2264	2265	2266	2267	2268	2269	2270	2271
184	4	4	2272	2273	2274	2275	2276	2277	2278	2279	2280	2281	2282	2283
185	4	4	2284	2285	2286	2287	2288	2289	2290	2291	2292	2293	2294	2295
186	4	4	2296	2297	2298	2299	2300	2301	2302	2303	2304	2305
187	4	4	2306	2307	2308	2309	2310	2311	2312	2313	2314	2315	2316	2317	2318	2319	2320
188	4	4	2321	2322	2323	2324	2325	2326	2327	2328	2329
189	4	4	2330	2331	2332	2333	2334	2335	2336	2337	2338	2339	2340	2341
190	4	4	2342	2343	2344	2345	2346	2347	2348	2349	2350	2351	2352	2353	2354	2355
191	4	4	2356	2357	2358	2359	2360	2361	2362	2363	2364
192	4	4	2365	2366	2367	2368	2369	2370	2371	2372
193	4	4	2373	2374	2375	2376	2377	2378	2379	2380	2381
194	4	4	2382	2383	2384	2385	2386	2387	2388
195	4	4	2389	2390	2391	2392	2393	2394	2395	2396	2397	2398
196	4	4	2399	2400	2401	2402	2403	2404	2405	2406	2407	2408	2409	2410
197	4	4	2411	2412	2413	2414	2415	2416	2417	2418	2419	2420	2421	2422
198	4	4	2423	2424	2425	2426	2427	2428	2429	2430	2431	2432
199	4	4	2433	2434	2435	2436	2437	2438
200	4	4	2439	2440	2441	2442	2443	2444	2445	2446	2447	2448	2449	2450	2451
201	4	4	2452	2453	2454	2455	2456	2457	2458	2459	2460	2461
202	4	4	2462	2463	2464	2465	2466	2467	2468	2469	2470	2471
203	4	4	2472	2473	2474	2475	2476	2477	2478	2479	2480	2481
204	4	4	2482	2483	2484	2485	2486	2487	2488	2489	2490	2491	2492
205	4	4	2493	2494	2495	2496	2497	2498	2499
206	4	4	2500	2501	2502	2503	2504	2505	2506
207	4	4	2507	2508	2509	2510	2511	2512	2513	2514	2515
208	4	4	2516	2517	2518	2519	2520	2521	2522	2523	2524	2525	2526
209	5	5	2527	2528	2529	2389	2398	2397	2396
210	5	5	1105	1104	2530	2531
211	5	5	2532	2533	2534	2535	2536
212	5	5	2312	2311	2310	2309	2537	2538	2539	2540
213	5	5	2541	2542	448	447	446	2543	2544
214	5	5	801	820	819	2545	2546	2547	2548	2549
215	5	5	1184	1197	1196	2550	2551	2154	2153	2152	2552	2553
216	5	5	444	443	442	441	2554	2555	2556
217	5	5	1437	1436	1451	1450	37	36	35	1702	1701	1700	1699
218	5	5	870	869	1553	1552	2557	2558	2559
219	5	5	706	705	704	2560	738	737	736	2561
220	5	5	2562	2563	2564	2565	2566	2567	2568	2569	2570
221	5	5	2571	1252	1251	1250	2572
222	5	5	2241	2240	2239	2573	2574
223	5	5	2575	893	892	891	2073	2072
224	5	5	199	212	211	210	2576	2577
225	5	5	2578	1907	1906	1905	2579	2580	1799	1798	1797
226	5	5	2196	2195	2581	2582	1283	1282	2583
227	5	5	2584	2585	2586	2587	2588	2589
228	5	5	2590	746	745	2591	2592	1878	1877	1876
229	5	5	2593	2590	1876	1886	1885
230	5	5	2594	2595	2150	2160	2159	2596	2597	1919	1918	1917
231	5	5	2598	2599	2600	2601
232	5	5	969	968	2602	2603	1494	1493
233	5	5	2604	2605	2606	2607	2402	2401	2400	1968	1967	1966	1965
234	5	5	2608	2586	2585	2609
235	5	5	1284	1283	2582	2610
236	5	5	603	602	601	1744	1743	1742	1741	590	589	1453	1452	1462	1461
237	5	5	1893	1892	1891	2611	1303	1302	2023	2022	2021
238	5	5	1174	1173	2612	2613	2614	2615	2616	2617
239	5	5	2618	2619	2568	2567
240	5	5	1344	1343	1342	2620	161	160	159	158	2621	1503	1502	1517	1516	2622
241	5	5	7	6	5	2623	2624	2625	2626	2627
242	5	5	2628	2629	2630	2631	2632
243	5	5	2633	520	519	518	1581	1587	1586	1585	2634	2635	2636
244	5	5	2637	639	638	2638	717	716
245	5	5	1653	1652	1651	2317	2316	2315	2314	1088	1087	1086
246	5	5	1298	1297	2639	1219	1218
247	5	5	989	988	987	451	450	449
248	5	5	855	854	2640	835	834	833
249	5	5	303	302	318	317	2587	2586	2608
250	5	5	1671	1670	1677	1676	1279	1278	1277	2641	373	389	388	387	2642	2643
251	5	5	1712	1711	1710	1709	2644	2645	2646	2647	2648
252	5	5	2649	1518	1530	1529	2650	2651	2652	2653	2654
253	5	5	477	476	475	946	945	2655
254	5	5	2656	2657	2658	2659	2660
255	5	5	292	291	290	289	2661	2662	921	936	935	934
256	5	5	2211	2222	2221	2663	2664	2665	2666
257	5	5	1510	1509	2667	2668	2669
258	5	5	93	92	91	90	527	526	525	2670	1163	1162	1161	1160	2671
259	5	5	1862	1861	1572	1571
260	5	5	2450	2449	2448	2672	1159	1158
261	5	5	1961	1960	1959	2673	2674	2675	2676
262	5	5	2252	2263	2262	2261	2677	2678	2679
263	5	5	2625	2624	2680
264	5	5	2681	2682	2683	2684
265	5	5	1963	1962	1961	2676	2685	959	974	973
266	5	5	2686	2687	2688	2689	873	885	884
267	5	5	317	316	315	2690	2691	2588	2587
268	5	5	2692	2693	2633	2636	2694	2695
269	5	5	481	480	479	1475	1485	1484	1483	2696	2697	2698	2699
270	5	5	2598	2601	2700	758	757
271	5	5	2055	2067	2066	2701	2702	2703
272	5	5	330	329	2615	2614	2704
273	5	5	2223	2232	2231	2705	2706	827	826	825
274	5	5	2707	2649	2654	2708	2525	2524	2523	2522
275	5	5	2709	2710	2711	1270	1269	2712
276	5	5	202	201	353	352	351
277	5	5	810	809	808	807	2713	2553	2552	2714
278	5	5	2715	2716	2717	2718
279	5	5	2719	1285	1284	2610	2720	2721
280	5	5	2679	2678	1236	1235	2722	2723
281	5	5	2724	2725	2726	126	125
282	5	5	2205	2204	2203	2202	2727	2728	2729	2730	1781	1780	1779	2731
283	5	5	1273	1272	1271	1270	2711	2732	2733
284	5	5	2734	2735	2736	2737
285	5	5	2296	2305	2304	2303	2738	2739	721	720	719	718	2740
286	5	5	2741	2742	2743	1392	1391	1390
287	5	5	2724	125	136	135	710	709	708
288	5	5	875	874	2708	2654	2653
289	5	5	2744	2719	2721	2745	2746	2747
290	5	5	1764	1763	1762	2748	2749	1068	1067
291	5	5	2750	1128	1127	1142	1141	2751	2752	1022	1021	1020
292	5	5	2753	2754	2755	2756
293	5	5	2581	2757	2720	2610	2582
294	5	5	2758	2759	1149	1148	1147	1146	1145	2760	1167	1166	1165	2761
295	5	5	2762	2763	2764	2715	2718
296	5	5	2213	2212	2211	2666	2765	2766	2767	2768
297	5	5	1118	1117	2769	2770	2771
298	5	5	80	79	2772	2773
299	5	5	1065	1064	1063	2774	2775	2776
300	5	5	2777	2778	2779	2780	2781	2782
301	5	5	1541	1540	1554	1553	869	868	867	866	865	864	2783
302	5	5	2784	2785	2786	2787
303	5	5	1698	1697	1706	1705	1262	1274	1273	2733	2788	2165	2164	2163	2162	2789
304	5	5	439	438	2790	1520	1519	1518	2649	2707
305	5	5	2791	1944	1943	1942	2792	2793	2794	2491	2490	2489	2488
306	5	5	1446	1445	1472	1471
307	5	5	488	487	486	485	2795	2796	2797
308	5	5	289	288	2345	2344	2343	2798	2799	2661
309	5	5	566	581	580	2102	2101	2100	2749	2748
310	5	5	2800	2578	1797	1796	1795	1794	1793	2801	275	274	273	2802
311	5	5	2803	2804	2805	2806	2807	2808	2809	2810
312	5	5	2811	2812	2813	2814	2815
313	5	5	985	984	983	2816	2817
314	5	5	2818	2819	2820	2821	2822
315	5	5	919	918	2823	2565	2564	2824
316	5	5	1342	1341	1340	1339	2825	2826	2827	2620
317	5	5	1333	1332	1345	1344	2622	2828	545	544	543	553	552	1924	1923	1922	2829	2830
318	5	5	2831	2832	861	860
319	5	5	2833	2834	2835	2836	2837	2838	2839
320	5	5	503	502	2840	2841	1600	1599	1598	621	620
321	5	5	2842	1872	1871	1870	2843	1458	1457	1456	1455	1454	588	587	586	1405	1412	1411	1410	1409	531	542	541	2844	2247	2246	2245	2244
322	5	5	742	741	2527	2396	2395	2394	2845	2846	2847
323	5	5	433	432	1488	1487	1486
324	5	5	1033	1032	2848	2849	2850
325	5	5	2851	464	463	2534	2533
326	5	5	440	439	2707	2522	2521
327	5	5	797	796	2852	2660	2659
328	5	5	687	686	2853	2854	2855	2856
329	5	5	1509	1508	1507	2857	2858	2667
330	5	5	2859	2860	2861	2862
331	5	5	432	431	430	429	2607	2606	1489	1488
332	5	5	266	265	2677	2261	2260	2863
333	5	5	1038	1037	1050	1049	2864	397	396	395	394	2865	1734	1733	1732	1731
334	5	5	2866	2867	232	231	230	2868	2869	2870
335	5	5	1124	1123	1122	2871	2872	2873	2874
336	5	5	1964	1963	973	972	2605	2604
337	5	5	1480	1479	1478	2875	2876	2877	636	651	650	649	648	76	75	74	2878
338	5	5	58	57	70	69	658	657	656	2820	2819	2879
339	5	5	2880	2842	2244	2251	2250	1543	1542	1541	2783
340	5	5	196	195	2881	2882	2883	2884
341	5	5	457	456	2885	2886	2887
342	5	5	1307	1306	1749	1748	1747	1746	2888	600	599
343	5	5	2889	2824	2564	2563	2890
344	5	5	2891	2597	2596	2826	2825
345	5	5	1145	1144	1143	380	379	378	2760
346	5	5	1240	1239	1238	262	261	260	259	2892	841	840	839	2893	2894	2895	2896
347	5	5	1425	1435	1434	2897	2898	2899
348	5	5	1887	1897	1896	2900	2901	584	583	582
349	5	5	2902	2782	2781	857	856	855	833	832	843	842	2892	259	268	267
350	5	5	2855	2854	2903	1426	1425	2899	2904
351	5	5	2665	2664	2905	2561	736	735	734	2906
352	5	5	2460	2459	2458	2907	96	112	111	2908	2909
353	5	5	2221	2220	1678	1686	1685	2663
354	5	5	1931	1930	1929	2910	2911	2912
355	5	5	510	509	1224	1223	1222	1221	1214	1213
356	5	5	2913	2914	2915	2916	2917
357	5	5	2808	2807	2918	1523	1522
358	5	5	2444	2443	2442	2441	2440	375	374	373	2641	1276	1275	1287	1286	2744	2747
359	5	5	1813	1812	2919	2920
360	5	5	2063	2062	2061	2060	2059	2921	2922	2923	2924
361	5	5	623	622	2925
362	5	5	1629	1628	1627	1626	1625	2816	983	982	981	2322	2321	2329	2328	2926	2927
363	5	5	85	95	94	93	2671	2774	1063	1062	1061	2928	2929
364	5	5	1822	1830	1829	1884	1883	2930	2931
365	5	5	2605	972	971	970	969	1493	1492	1491	1490	1489	2606
366	5	5	2484	2483	2482	2932	2933	2934
367	5	5	421	420	419	1808	1807	1806	2935	2555	2554
368	5	5	386	385	384	383	2936	2937	2938	2939	2940	2941
369	5	5	1754	1753	1752	2778	2777	2942	2943
370	5	5	2198	2197	2196	2583	2944	2177	2176	2175	2174	2945	2946	2947
371	5	5	1132	1131	1130	2948	2949	2950
372	5	5	357	356	2951	2952	2953	2954
373	5	5	611	610	609	2955	2140	2139	2956
374	5	5	2957	163	176	175	174	173	2958	2959	50	49	48	47
375	5	5	782	781	102	101
376	5	5	825	824	823	2960	2961	2379	2378	2377	2226	2225	2224	2223
377	5	5	2793	2792	772	771	788	787	2962	2963	2964	2457	2456	2455
378	5	5	347	346	345	344	1346	1357	1356	2965	1415	1414	1413	1424	1423	2966	108	107	106	105
379	5	5	1905	1904	2967	2579
380	5	5	2968	2969	2970	2971
381	5	5	2972	2973	2974	680	679	2975
382	5	5	1165	1164	2976	2670	525	524	530	529	528	527	90	89	88	2977	2978	2265	2264	2271	2270	2761
383	5	5	2979	2980	2981	1818	1817	1816	1815	2982	2983
384	5	5	224	223	222	2984	2985	2097	2096	2095
385	5	5	2986	2987	1983	1982	1981	2988	2543	446	445
386	5	5	2989	2990	2354	2353	2306	2320	2319
387	5	5	739	738	2560	2991	2992
388	5	5	830	829	828	1867	1875	1874	1873	2880	2783	864	863
389	5	5	206	205	204	23	22	21	237	236	235
390	5	5	1595	1594	1593	637	636	2877
391	5	5	2993	256	255	678	677
392	5	5	576	575	574	2994	2995
393	5	5	1191	1190	51	50	2959
394	5	5	2119	2118	2117	2768	2767	2996	2997
395	5	5	2998	2999	2755	2754
396	5	5	1575	1574	1573	3000	2796	2795	3001
397	5	5	404	403	930	929	3002	3003
398	5	5	923	922	921	2662	3004	3005	2990	2989	3006
399	5	5	726	725	724	2346	2345	288	301	300
400	5	5	1107	1106	1105	2531	2529	2528	131	130	129	3007
401	5	5	2332	2331	2330	3008	3009
402	5	5	3010	3011	3012	3013	3014
403	5	5	538	537	1547	1546
404	5	5	1473	1472	1445	1444
405	5	5	3015	2375	2374	2373	882	881	880	593	608	607
406	5	5	1745	1744	601	600	2888
407	5	5	2789	1438	1437	1699	1698
408	5	5	757	756	3016	3017	2599	2598
409	5	5	624	623	2925	1597	1606	1605	3018
410	5	5	2773	3019	3020	45	44	43	82	81	80
411	5	5	468	467	466	1776	1775	1774	1773	3021
412	5	5	1691	1690	2867	2866
413	5	5	655	654	653	3022	3023	3024	3025
414	5	5	1196	1195	1194	3026	2550
415	5	5	2077	2084	2083	2082	2672	2448	2447	3027	3028	3029	3030	2776	2775
416	5	5	2895	3031	3032	3033	1243	1242	1241	2896
417	5	5	3034	793	792	791	1579	1578	1577	3035
418	5	5	943	942	941	3036	3037	3038	3039
419	5	5	1715	1714	3040	3041	3028	3027	3042
420	5	5	1150	1149	2759	3043	3044	2369	2368	2367	2366
421	5	5	3045	903	920	919	2824	2889	3046	3047
422	5	5	783	782	101	100
423	5	5	2292	2291	2290	2289	3048	3049	2927	2926
424	5	5	1994	1993	1992	1991	2936	383	382	1154	1153
425	5	5	2702	3050	3051	3052	3053	2703
426	5	5	2259	2258	2257	2256	3054	3055	1757	1756	1755	1754	2943	3056
427	5	5	3057	3058	276	275	2801	3059	3060
428	5	5	1812	1811	1810	3061	3062	2919
429	5	5	3063	3064	309	308	307	177	185	184
430	5	5	692	691	3065	3066	3067	3068
431	5	5	2944	2583	1282	1281	1280	1279	1676	1675	1674	1673	3069
432	5	5	286	285	284	2898	2897	3070
433	5	5	2722	1235	1248	1247	219	218	217	3071
434	5	5	3006	2989	2319	2318	2317	1651	1650	3072
435	5	5	1894	1893	2021	2020
436	5	5	2822	2786	2785	2818
437	5	5	46	45	3020	3073
438	5	5	331	330	2704	3074	3075	3076
439	5	5	2602	3077	3078	3079	2814	2813	2603
440	5	5	1750	1749	1306	1305
441	5	5	3080	2839	2838	3081	8	7	2627
442	5	5	3082	702	714	713	1824	1823	1822	2931	0	16	15	3083
443	5	5	2298	2297	2296	2740	3084	1589	1588	1596	1595	2877	2876	2945	2174	2183	2182
444	5	5	3057	3085	3086	3087	3058
445	5	5	2385	2384	2383	2382	3088	3089	3090	3091
446	5	5	990	989	449	448	2542
447	5	5	188	187	1267	1266
448	5	5	899	898	3019	2773	2772	3092
449	5	5	3093	3094	3095	3096
450	5	5	3095	851	850	3096
451	5	5	850	849	2503	2502	2501	2500	2506	2505	3097	3098	3093	3096
452	5	5	2505	2504	2503	849	848	847	3099	3100	3097
453	5	5	193	192	191	190	3101	3063	184	183	182	181	3102
454	5	5	1152	1151	1150	2366	2365	2372	2371	2147	2146	2145	2144	997	996	995	1999	1998	1997	1996	1995
455	5	5	1258	1257	1256	564	563	562	3103	499	498	497
456	5	5	1465	1464	1463	3104	3105
457	5	5	1014	1013	1012	3106	2970	2969	3107	3108
458	5	5	1694	1693	1692	3109	3110	916	915	914	913	3111
459	5	5	2011	2010	3112	3113	790	789	800	799	3114
460	5	5	1921	1933	1932	1912	1911	1910	1336	1335	1334	2830	2829
461	5	5	438	453	452	3115	2803	2810	2790
462	5	5	3116	3117	2558	2557
463	5	5	3118	3119	3120	14	13	12	3121
464	5	5	3122	2758	2761	2270	2269	2268	3123
465	5	5	2971	2970	3106	2571	2572
466	5	5	2984	3124	3125	2985
467	5	5	1075	1074	1839	1838	1837	1836	1835	2742	2741	3126
468	5	5	74	73	72	3127	3128	3129	2878
469	5	5	1885	1884	1829	1828	1827	2593
470	5	5	3027	2447	2446	2445	3130	3042
471	5	5	537	536	3131	3132	1549	1548	1547
472	5	5	3133	3134	3135	3136	3137	2890	2563	2562
473	5	5	2117	2127	2126	2125	2214	2213	2768
474	5	5	3138	3139	3140
475	5	5	475	474	473	3141	2988	1981	1990	1989	3142	948	947	946
476	5	5	663	662	546	545	2828	1515	1514	1513
477	5	5	934	933	1843	1842	1849	1848	3143	294	293	292
478	5	5	3141	2544	2543	2988
479	5	5	884	883	882	2373	2381	2380	2379	2961	1903	1902	1901	1900	1899	3144	2686
480	5	5	2231	2230	2229	2228	3015	607	606	605	604	2705
481	5	5	2452	2461	2460	2909	1209	1208	1028	1027	1026	3145
482	5	5	3146	3147	3148	2834	2833
483	5	5	3149	2288	2287	2286	3150	144	143	142	3151	3152
484	5	5	271	270	1056	1055
485	5	5	1221	1234	1233	3153	3154	1083	1098	1097	1096	1095	1216	1215	1214
486	5	5	3013	3012	3155	732	731	730	1663	1662	1661
487	5	5	2152	2151	2150	2595	2714	2552
488	5	5	1788	1787	1786	2815	2814	3079	3156
489	5	5	2922	3157	3158	2923
490	5	5	435	434	433	1486	1501	1500	1499	3159	671	670	669	668
491	5	5	314	313	312	1370	1378	1377	3160	3161	3162
492	5	5	2548	3163	3164	3165	3166	2549
493	5	5	3167	3168	3169	3170
494	5	5	417	416	1053	1052	1051	3062	3061
495	5	5	3171	2547	2546	2532	2536	3172
496	5	5	3173	2983	2982	2752	2751	2995	2994	1785	1784	1783
497	5	5	1585	1584	1583	1582	1581	518	517	516	3174	2784	2787	3175	2634
498	5	5	2570	2569	2763	2762	3176
499	5	5	1881	1880	1879	3177	3178	2	1	0	2931	2930
500	5	5	1917	1916	1915	1914	1913	3179	813	812	2594
501	5	5	3041	3029	3028
502	5	5	3180	3181	3182	2805	2804
503	5	5	1709	1708	1707	951	950	949	1988	1987	1986	1985	2644
504	5	5	60	59	58	2879	3183	3076	3075	3184
505	5	5	2648	3185	1803	1814	1813	2920	3186	3040	1714	1713	1712
506	5	5	2328	2327	2326	3187	3112	2010	2009	2008	2007	2006	2294	2293	2292	2926
507	5	5	1091	1090	3188	3189	3190	3191
508	5	5	2887	3192	459	458	457
509	5	5	3087	3086	242	241	240	279	278	277
510	5	5	1499	1498	3193	1948	1947	1946	1958	1957	3194	3159
511	5	5	1170	1169	63	62
512	5	5	876	875	2653	2652
513	5	5	3025	3024	3175	2787	2786	2822	2821
514	5	5	3107	2969	2968	3195	3196
515	5	5	549	548	547	546	662	661	660	659	68	67	66
516	5	5	3197	3198	1372	1371	1370	312	311	310
517	5	5	253	252	251	3199	2973	2972
518	5	5	1100	1099	3088	2382	2388	2387	3200	3201	3202
519	5	5	1768	1767	1766	137	152	151	2038	2037	2036	3203
520	5	5	3204	3205	1077	1076	1075	3126
521	5	5	3206	3116	2557	1552	1551	1550
522	5	5	79	78	77	647	646	645	3092	2772
523	5	5	3146	2833	2839	3080
524	5	5	2272	2283	2282	2281	2280	3207	3208	3162	3161
525	5	5	656	655	3025	2821	2820
526	5	5	3209	3210	3211	3212	2190	2189	2188
527	5	5	3170	3213	250	249	248	3167
528	5	5	845	844	3158	3157	3214
529	5	5	1048	1047	3215	3216	1641	1640	1639
530	5	5	3048	3149	3152	3217	3049
531	5	5	324	323	322	321	1467	1466	1465	3105	3218	3219
532	5	5	3220	3221	3222	3223
533	5	5	2859	2862	3224	3117	3116	3206	3225
534	5	5	2477	2476	2475	3226	3227
535	5	5	3228	3229	3230	3231	3232
536	5	5	806	805	3233	2486	2485	2484	2934
537	5	5	62	61	60	3184	3234	1172	1171	1170
538	5	5	2732	1017	1025	1024	2788	2733
539	5	5	927	926	925	924	3235	3236	3010	3014
540	5	5	3172	2536	2535	3237	117	116
541	5	5	3205	3238	3239	3240	1078	1077
542	5	5	1200	1199	1198	1210	1209	2909	2908	3241
543	5	5	907	906	2954	2953
544	5	5	622	621	1598	1597	2925
545	5	5	2960	2967	1904	1903	2961
546	5	5	2663	1685	1684	2726	2725	3242	2905	2664
547	5	5	1421	1420	1419	3243	424	423	3244	1364	1363	1362
548	5	5	3171	3163	2548	2547
549	5	5	686	685	3245	3246	2853
550	5	5	852	851	3095	3094	3247
551	5	5	3248	2642	387	386	2941	3249	3250
552	5	5	1850	1856	1855	1854	157	156	3251	1043	1042
553	5	5	3252	3253	2621	158	157	1854	1853	1852	1851	1850	1042	1041
554	5	5	1041	1040	1039	1730	1739	1738	3254	3252
555	5	5	3252	3254	3253
556	5	5	180	179	1385	1384	1383
557	5	5	1119	1118	2771	3255	3256
558	5	5	2990	3005	2798	2343	2342	2355	2354
559	5	5	3228	3232	3257	3258
560	5	5	794	793	3034	3259	3260
561	5	5	3261	3262	2987	2986
562	5	5	3166	3263	802	801	2549
563	5	5	1718	1717	2745	2721	2720	2757	3264
564	5	5	3206	1550	1549	3132	3225
565	5	5	673	672	671	3159	3194	3265	3266	3267
566	5	5	403	402	401	400	3268	3269	932	931	930
567	5	5	2360	2359	2358	3270	3119	3118	3008	2330	2341	2340	3271
568	5	5	682	681	680	2974	3272	3273
569	5	5	3274	10	9	2466	2465	2464
570	5	5	854	853	852	3247	2640
571	5	5	2277	2276	2275	2274	2273	3160	1377	1376	1375	3275	3276	558	557	556
572	5	5	1026	1036	1035	1034	3277	3278	3279	3145
573	5	5	1630	1629	2927	3049	3217	3196	3195
574	5	5	1507	1506	1505	3280	3281	3282	2857
575	5	5	1959	1971	1970	2409	2408	2407	3283	2673
576	5	5	704	703	2991	2560
577	5	5	3284	3060	3059	2832	2831
578	5	5	2712	1269	1268	1267	187	186
579	5	5	2959	2958	3285	1622	1621	1620	3026	1194	1193	1192	1191
580	5	5	3003	3002	1657	1656	1655
581	5	5	2068	2076	2075	3286	3287	1643	1642	1641	3216
582	5	5	3288	3289	3290	1778	1777	1776	466	465	464	2851
583	5	5	1567	1566	3291	3292	3293
584	5	5	805	804	803	3263	3166	3165	3294	3233
585	5	5	2488	2487	2486	3233	3294	3295	2791
586	5	5	3146	3080	2627	2626	3147
587	5	5	556	555	2279	2278	2277
588	5	5	2573	2239	2238	2237	937	944	943	3039	3296
589	5	5	3124	3033	3032	3125
590	5	5	3297	3156	3079	3078	3017	3016
591	5	5	2679	2723	3298	2253	2252
592	5	5	361	360	359	2086	2085	2089	2088	3299	1201	1200	3241	3300	3301
593	5	5	713	712	711	710	135	134	133	751	750	749	748	1826	1825	1824
594	5	5	3302	3303	2691	2690	3304
595	5	5	38	37	1450	1449
596	5	5	3305	392	391	390	408	407	3306	2871	1122	1121	1120
597	5	5	3133	2562	2570	3176	2999	2998
598	5	5	2791	3295	1934	1945	1944
599	5	5	768	767	766	3307	2913	2917
600	5	5	1400	1399	614	613
601	5	5	454	471	470	3308	3050	2702	2701
602	5	5	3066	3065	2657	2656	2629	2628
603	5	5	494	493	492	597	596	595	3309	3310
604	5	5	3297	3311	1790	1789	1788	3156
605	5	5	3312	697	696	1607	1614	1613	1612	1611	666	675	674	3313
606	5	5	2171	2170	2169	3314	2981	2980	3315	3316	3317
607	5	5	1288	1301	1300	1093	1092	1091	3191
608	5	5	1951	1950	1949	1948	3193	3318	3319
609	5	5	3320	2646	2645	3262	3261	3321
610	5	5	803	802	3263
611	5	5	3322	3101	190	189	188	1266	1265	1264
612	5	5	283	282	281	3323	2856	2855	2904
613	5	5	204	203	202	351	350	349	3324	779	778	777	26	25	24	23
614	5	5	3325	722	721	2739	3326	3327
615	5	5	3239	1004	1003	3328	3329	3240
616	5	5	3330	2623	5	4
617	5	5	2193	2192	2015	2014	3331
618	5	5	267	266	2863	3332	3333	2902
619	5	5	2593	1827	1826	748	747	746	2590
620	5	5	156	155	154	153	3334	3285	2958	173	172	3251
621	5	5	1130	1129	2948
622	5	5	3297	3016	756	755	754	3311
623	5	5	1134	1133	1132	2950	1379	1395	1394	1393	2496	2495	2494
624	5	5	2575	167	166	165	894	893
625	5	5	891	890	889	295	294	3143	2110	2116	2115	2114	2113	3286	2075	2074	2073
626	5	5	3040	3186	3030	3029	3041
627	5	5	1315	1314	369	368
628	5	5	3193	1498	1497	3318
629	5	5	2665	2906	2765	2666
630	5	5	221	220	1246	1245
631	5	5	659	658	69	68
632	5	5	2458	2457	2964	2907
633	5	5	2242	2241	2574	3335	2860	2859	3225	3132	3131
634	5	5	2531	2530	3336	3139	3138	2390	2389	2529
635	5	5	928	927	3014	3013	1661	1660	1659	1658
636	5	5	3337	2589	2588	2691	3303	1009	1008	1007
637	5	5	2256	2255	2254	2253	3298	3071	217	216	215	214	3338	626	635	634	633	3054
638	5	5	2057	2056	2055	2703	3053	3339	3340
639	5	5	2941	2940	3341	3249
640	5	5	620	619	618	617	3342	3343	3344	506	505	504	503
641	5	5	3345	2697	2696	1325	1324	1323
642	5	5	2565	2823	3346	3347	2566
643	5	5	1970	1969	2399	2410	2409
644	5	5	957	956	955	2947	2946
645	5	5	1158	1157	1156	377	376	375	2440	2439	2451	2450
646	5	5	2268	2267	2266	2265	2978	3348	3123
647	5	5	2336	2335	2334	2333	3306	407	406	405	1667	1666
648	5	5	105	104	103	3324	349	348	347
649	5	5	2303	2302	2301	3069	1673	1672	1671	2643	2738
650	5	5	473	472	490	489	3349	2541	2544	3141
651	5	5	2411	2422	2421	2420	2419	3350	3250	3249	3341
652	5	5	120	119	118	117	3237	630	629	628	627	626	3338	18	17	29	28	3351
653	5	5	3311	754	753	770	769	3352	3173	1783	1791	1790
654	5	5	1205	1204	1203	371	370	369	1314	1331	1330	1329	71	84	83	42	41	56	55
655	5	5	469	468	3021	3353
656	5	5	2734	2737	3354	3256	3255
657	5	5	393	392	3305	3354	2737	2736	3355
658	5	5	1390	1389	1388	3356	2609	2585	2584	3204	3126	2741
659	5	5	3357	3358	3359	2894	2893	838	837	836
660	5	5	3067	3066	2628	2632	3360
661	5	5	2766	2765	2906	734	733	3155	3012	3011
662	5	5	3183	3361	333	332	331	3076
663	5	5	2480	2479	2478	3214	3157	2922	2921
664	5	5	3362	3363	3364	3365
665	5	5	2612	3234	3184	3075	3074	2613
666	5	5	220	219	1247	1246
667	5	5	1354	1353	1352	3366	3367	2404	2403	2402	2607	429	428
668	5	5	880	879	878	3309	595	594	593
669	5	5	2507	2515	2514	2513	2512	1531	1539	1538	1537	764	763	762	761	760	3368
670	5	5	3220	3223	3369	3302	3304	3208	3207	3370
671	5	5	2301	2300	2299	2298	2182	2181	2180	2179	2178	2177	2944	3069
672	5	5	2323	2322	981	980
673	5	5	1375	1374	2185	2184	3275
674	5	5	3051	3050	3308	3371	3372	3373	3374
675	5	5	3293	3292	3375	3376	3377
676	5	5	775	774	773	113	124	123
677	5	5	3056	3332	2863	2260	2259
678	5	5	3378	2418	2417	3190	3189	3379
679	5	5	1084	1083	3154	2218	2217	2216	2215	2124	2123	2122
680	5	5	2847	2591	745	744	743	742
681	5	5	1422	1421	1362	1361	1360	109	108	2966
682	5	5	441	440	2521	2520	2519	2518	409	422	421	2554
683	5	5	1047	1046	1045	1044	1043	3251	172	171	170	169	168	3215
684	5	5	3380	2979	2983	3173	3352
685	5	5	1386	1385	179	178	177	307	306	305
686	5	5	2716	3381	3382	3383	3384	2717
687	5	5	3385	2462	2471	2470	2469	2837	2836	2423	2432	2431	2430	2429	2428	2427	2873	2872
688	5	5	2862	2861	3386	247	246	245	3224
689	5	5	3210	2900	1896	1895	1894	2020	2019	2018	3211
690	5	5	3119	3270	3387	3388	3389	3120
691	5	5	146	145	2004	2003	2002	3375	3292	3291
692	5	5	2790	2810	2809	1521	1520
693	5	5	2377	2376	2375	3015	2228	2227	2226
694	5	5	3220	3370	554	565	564	1256	1255	1254	1253	3221
695	5	5	3086	3085	3284	2831	860	872	871	870	2559	243	242
696	5	5	3390	2356	2364	2363	728	740	739	2992	3391
697	5	5	148	147	146	3291	1566	1565	1564
698	5	5	1156	1168	1167	2760	378	377
699	5	5	2314	2313	2312	2540	3378	3379	3188	1090	1089	1088
700	5	5	2680	3392	3148	3147	2626	2625
701	5	5	1007	1006	1005	1004	3239	3238	3337
702	5	5	3326	3393	3394	3327
703	5	5	2036	2044	2043	3395	3396	3203
704	5	5	1736	1735	1734	2865	3397	3398	3281	3280
705	5	5	3133	2998	2754	2753	3399	3134
706	5	5	1463	1474	1473	1444	1443	3400	3401	3104
707	5	5	2065	2064	2063	2924	2780	2779	2886	2885
708	5	5	3091	3402	3403	3200	2387	2386	2385
709	5	5	2414	2413	2939	2938	3404
710	5	5	1985	1984	1983	2987	3262	2645	2644
711	5	5	2911	2910	3405	2728	2727	816	815
712	5	5	200	199	2577	2951	356	355	354
713	5	5	2723	2722	3071	3298
714	5	5	3056	2943	2942	3333	3332
715	5	5	1705	1704	1703	1702	35	34	33	3406	3322	1264	1263	1262
716	5	5	1752	1760	1759	3192	2887	2886	2779	2778
717	5	5	896	895	894	165	164	163	2957	2437	2436	2435	2434
718	5	5	812	811	810	2714	2595	2594
719	5	5	2840	502	511	510	1213	1212	1211	1604	1603	1602	1601
720	5	5	2027	2035	2034	2033	765	764	1537	1536	1535	1534	3407	3408	326	325	324	3219	3409
721	5	5	962	961	960	3410	3411
722	5	5	1545	1544	1543	2250	2249	2248	2844	541	540	539
723	5	5	2933	2932	3279	3278	1185	1184	2553	2713
724	5	5	254	253	2972	2975
725	5	5	676	690	689	3323	281	280	279	240	258	257	256	2993
726	5	5	3221	1253	1252	2571	3106	1012	1011	1010	3412	3222
727	5	5	2445	2444	2747	2746	3130
728	5	5	339	338	3340	3339
729	5	5	572	571	570	3413	3364	3363	3267	3266	3414
730	5	5	9	8	3081	2468	2467	2466
731	5	5	2952	3415	908	907	2953
732	5	5	1568	1567	3293	3377
733	5	5	2667	2858	2695	2694	2668
734	5	5	1019	1018	1017	2732	2711	2710	3416
735	5	5	708	707	3242	2725	2724
736	5	5	452	451	987	986	3417	3418	3115
737	5	5	3270	2358	2357	3387
738	5	5	3288	2851	2533	2532	2546	2545	3419
739	5	5	1806	1805	1804	3185	2648	2647	3420	2935
740	5	5	222	221	1245	1244	1243	3033	3124	2984
741	5	5	2599	3017	3078	3077	2600
742	5	5	197	196	2884	3416	2710	2709
743	5	5	2852	2630	2629	2656	2660
744	5	5	2059	2058	2057	3340	338	337	2472	2481	2480	2921
745	5	5	1727	1726	1725	1724	3421	2730	2729
746	5	5	2729	2728	3405	1927	1926	1720	1729	1728	1727
747	5	5	1926	1925	1924	552	551	3422	1722	1721	1720
748	5	5	1724	1723	1722	3422	3423	3421
749	5	5	297	296	295	889	888	887
750	5	5	2464	2463	2462	3385	3424	3425	3274
751	5	5	1181	1180	1179	1178	3373	3372	1772	1771	1782	1781	2730	3421	3423	3426
752	5	5	994	993	1002	1001	1291	1290	1289	3404	2938	2937
753	5	5	1322	1321	3427	3428	2699	2698	3429
754	5	5	2684	2683	3430	2631	2630	2852	796	795	794	3260
755	5	5	1051	1066	1065	2776	3030	3186	2920	2919	3062
756	5	5	1832	1831	1841	1840	1073	1072	3431
757	5	5	47	46	3073	897	896	2434	2433	2438	2437	2957
758	5	5	485	484	3432	3001	2795
759	5	5	2706	2705	604	603	1461	1460	1459	1458	2843
760	5	5	329	340	339	3339	3053	3052	2616	2615
761	5	5	2309	2308	2352	2351	2350	3433	2537
762	5	5	141	140	139	1081	1080	1079	3329	3328
763	5	5	691	701	700	3434	2658	2657	3065
764	5	5	1160	1159	2672	2082	2081	2080	2079	2078	2077	2775	2774	2671
765	5	5	1577	1576	1575	3001	3432	3435	3436	3035
766	5	5	2834	3148	3392	3437	515	514	513	2835
767	5	5	2516	2526	2525	2708	874	873	2689
768	5	5	3022	653	652	665	664	663	1513	1512	3438
769	5	5	427	426	425	424	3243	1417	1416	1415	2965
770	5	5	4	3	2	3178	3330
771	5	5	3067	3360	3230	3229	3068
772	5	5	3333	2942	2777	2782	2902
773	5	5	643	642	641	640	639	2637	3439	886	902	901
774	5	5	3261	2986	445	444	2556	3321
775	5	5	411	410	409	2518	2517	2516	2689	2688
776	5	5	1516	1515	2828	2622
777	5	5	898	897	3073	3020	3019
778	5	5	3204	2584	2589	3337	3238	3205
779	5	5	3440	3384	3383	2136	2135	3411	3410
780	5	5	2573	3296	3441	3335	2574
781	5	5	3442	2928	1061	1060	1059
782	5	5	3271	2339	2338	2337	2336	1666	1665	1664	1663	730	729	728	2363	2362	2361	2360
783	5	5	3443	1430	1429	1428	3444	3445	3446	87	86	85	2929
784	5	5	1428	1427	1426	2903	3246	3245	3444
785	5	5	2968	2971	2572	1250	1249	3447	1633	1632	1631	1630	3195
786	5	5	1974	1973	1972	3448	1557	1556	3449
787	5	5	3404	1289	1288	3191	3190	2417	2416	2415	2414
788	5	5	3450	3102	181	180	1383	1382	1381
789	5	5	3348	3451	1397	1396	1404	1403	3044	3043	3122	3123
790	5	5	483	482	481	2699	3428	3436	3435
791	5	5	3176	2762	2718	2717	3384	3440	2756	2755	2999
792	5	5	998	997	2144	2143	2142
793	5	5	1786	1785	2994	574	573	3452	3453	1955	1954	1953	1952	3454	2811	2815
794	5	5	578	577	576	2995	2751	1141	1140	1139	1138
795	5	5	15	14	3120	3389	3083
796	5	5	2419	2418	3378	2540	2539	3455	3350
797	5	5	142	141	3328	1003	1016	1015	1014	3108	3151
798	5	5	2914	3218	3105	3104	3401	2915
799	5	5	3277	3456	1187	1186	1185	3278
800	5	5	3192	1759	1758	1757	3055	461	460	459
801	5	5	150	149	148	1564	1563	1562	3457
802	5	5	2734	3255	2771	2770	3458	2735
803	5	5	586	585	584	2901	3459	1407	1406	1405
804	5	5	2538	3460	3455	2539
805	5	5	1358	1369	1368	1367	1366	3461	3258	3257	3301	3300
806	5	5	3057	3060	3284	3085
807	5	5	3462	2874	2873	2427	2426	2425	2424	2423	2836	2835	513	512
808	5	5	2104	2103	2102	580	579	578	1138	1137	1136
809	5	5	1328	1327	3128	3127
810	5	5	1505	1504	1503	2621	3253	3254	1738	1737	1736	3280
811	5	5	3162	3208	3304	2690	315	314
812	5	5	699	698	697	3312	3448	1972	1980	1979
813	5	5	2601	2600	3077	2602	968	967	2700
814	5	5	2577	2576	3463	3415	2952	2951
815	5	5	1188	1187	3456	2850	2849
816	5	5	2400	2399	1969	1968
817	5	5	1339	1338	1337	2891	2825
818	5	5	489	488	2797	977	976	975	3349
819	5	5	344	343	1347	1346
820	5	5	99	98	2963	2962	786	785	784
821	5	5	3289	3419	2545	819	818	817	2209	2208	2207	2206	3464	3290
822	5	5	3409	3219	3218	2914	2913	3307	2031	2030	2029	2028
823	5	5	1936	1935	1934	3295	3294	3165	3164
824	5	5	2053	2052	2051	2050	2049	3465	3447	1249	1261	1260	1259	1258	497	496	495
825	5	5	2162	2161	1440	1439	1438	2789
826	5	5	1793	1792	1802	1801	1800	1799	2580	821	831	830	863	862	861	2832	3059	2801
827	5	5	2280	2279	555	554	3370	3207
828	5	5	1560	1559	1558	3466	3362	3365	3467
829	5	5	2910	1929	1928	1927	3405
830	5	5	2981	3314	2168	2167	2166	2165	2788	1024	1023	1022	2752	2982	1815	1821	1820	1819	1818
831	5	5	1316	1315	368	367
832	5	5	248	247	3386	3468	3168	3167
833	5	5	817	816	2727	2202	2210	2209
834	5	5	3151	3108	3107	3196	3217	3152
835	5	5	2353	2352	2308	2307	2306
836	5	5	3469	1351	1350	1349	1348	342	341	3470	3471	3472
837	5	5	1512	1511	1510	2669	3438
838	5	5	1569	1568	3377	3376	3473
839	5	5	2002	2012	2011	3114	3473	3376	3375
840	5	5	570	569	568	3474	3413
841	5	5	1058	1057	1056	270	269
842	5	5	3433	2350	2349	3475
843	5	5	3448	3312	3313	3466	1558	1557
844	5	5	2537	3433	3475	3325	3327	3394	3460	2538
845	5	5	1072	1071	1070	1069	1068	2749	2100	2109	2108	2107	3476	3431
846	5	5	3347	2618	2567	2566
847	5	5	2612	1173	1172	3234
848	5	5	269	287	286	3070	3442	1059	1058
849	5	5	2882	2881	3450	1381	1380	1379	2950	2949
850	5	5	1910	1920	1919	2597	2891	1337	1336
851	5	5	3122	3043	2759	2758
852	5	5	2681	2684	3260	3259	3477	3478
853	5	5	2693	521	520	2633
854	5	5	2735	3458	3398	3397	3355	2736
855	5	5	955	954	2200	2199	2198	2947
856	5	5	1117	1116	1115	3479	2692	2695	2858	2857	3282	2769
857	5	5	1010	1009	3303	3302	3369	3412
858	5	5	2682	3480	1320	1319	1318	1317	3481	3430	2683
859	5	5	2192	2191	2190	3212	2016	2015
860	5	5	2608	2609	3356	3482	304	303
861	5	5	3236	3235	3072	1650	1649	1648	1647	3483	2997	2996
862	5	5	3484	3402	3091	3090
863	5	5	2289	2288	3149	3048
864	5	5	414	413	412	411	2688	2687	2800	2802
865	5	5	3023	3022	3438	2669	2668	2694	2636	2635
866	5	5	3477	3259	3034	3035	3436	3428	3427
867	5	5	1680	1679	1678	2220	2219	2218	3154	3153	1232	1231	1230	3485
868	5	5	1637	1645	1644	1643	3287	3268	400	399	3486	3487
869	5	5	3488	3489	31	30	40	39	38	1449	1448	1447
870	5	5	3288	3419	3289
871	5	5	1286	1285	2719	2744
872	5	5	2946	2945	2876	2875	2655	945	958	957
873	5	5	1136	1135	1134	2494	2493	2499	2498	3476	2107	2106	2105	2104
874	5	5	3393	3248	3250	3350	3455	3460	3394
875	5	5	3388	3390	3391	3082	3083	3389
876	5	5	1478	1477	1476	1475	479	478	477	2655	2875
877	5	5	2619	2764	2763	2569	2568
878	5	5	1297	1296	1295	1294	2955	609	625	624	3018	2639
879	5	5	1321	1320	3480	3478	3477	3427
880	5	5	3379	3189	3188
881	5	5	741	752	751	133	132	131	2528	2527
882	5	5	3084	2740	718	717	2638	1592	1591	1590
883	5	5	2954	906	905	904	3045	3047	3470	341	358	357
884	5	5	2349	2348	2347	2346	724	723	722	3325	3475
885	5	5	1471	1470	1469	1468	320	319	328	327	3490	3488	1447	1446
886	5	5	98	97	96	2907	2964	2963
887	5	5	3425	3121	12	11	10	3274
888	5	5	3418	3417	3181	3180
889	5	5	1620	1619	3491	2551	2550	3026
890	5	5	694	693	692	3068	3229	3228	3258	3461	3492	3493
891	5	5	284	283	2904	2899	2898
892	5	5	1932	1931	2912	3179	1913	1912
893	5	5	539	538	1546	1545
894	5	5	3110	3346	2823	918	917	916
895	5	5	3371	3353	3021	1773	1772	3372
896	5	5	2072	2071	2070	2069	2068	3216	3215	168	167	2575
897	5	5	791	790	3113	1865	1864	1863	1862	1571	1580	1579
898	5	5	3429	3345	1323	1322
899	5	5	2709	2712	186	198	197
900	5	5	1956	1955	3453	3494
901	5	5	1225	1224	509	508	507	506	3344	3403	3402	3484
902	5	5	2125	2124	2215	2214
903	5	5	1495	1494	2603	2813	2812
904	5	5	913	912	911	209	208	1687	1696	1695	3111
905	5	5	2006	2005	2004	145	144	3150	2285	2284	2295	2294
906	5	5	1762	1761	1770	1769	1768	3203	3396	3474	568	567	566	2748
907	5	5	1528	1527	2048	2047	3495
908	5	5	1169	1183	1182	3426	3423	3422	551	550	549	66	65	64	63
909	5	5	823	822	821	2580	2579	2967	2960
910	5	5	979	978	977	2797	2796	3000	3496
911	5	5	100	99	784	783
912	5	5	492	491	501	500	499	3103	1310	1309	1308	1307	599	598	597
913	5	5	3497	3046	2889	2890	3137
914	5	5	2128	2137	2136	3383	3382
915	5	5	3420	3320	3321	2556	2555	2935
916	5	5	2120	2119	2997	3483	3498
917	5	5	3227	3226	336	335	334	3499	3100	3099
918	5	5	1360	1359	1358	3300	3241	2908	111	110	109
919	5	5	707	706	2561	2905	3242
920	5	5	3182	3500	3501	2806	2805
921	5	5	847	846	845	3214	2478	2477	3227	3099
922	5	5	2923	3158	844	859	858	857	2781	2780	2924
923	5	5	3334	153	162	161	2620	2827	1616	1615	1624	1623
924	5	5	815	814	813	3179	2912	2911
925	5	5	2475	2474	2473	2472	337	336	3226
926	5	5	689	688	687	2856	3323
927	5	5	1114	1113	1126	1125	3462	512	523	522	521	2693	2692	3479
928	5	5	3420	2647	2646	3320
929	5	5	3492	1365	1364	3244	3493
930	5	5	343	342	1348	1347
931	5	5	310	309	3064	3197
932	5	5	423	437	436	435	668	667	666	1611	1610	1609	1608	1607	696	695	694	3493	3244
933	5	5	2770	2769	3282	3281	3398	3458
934	5	5	3485	1230	1229	1228	1227	3089	3088	1099	1112	1111	1110
935	5	5	1625	1636	1635	1634	1633	3447	3465	1525	1524	1523	2918	3501	3500	2817	2816
936	5	5	1129	1128	2750	2883	2882	2949	2948
937	5	5	3127	72	71	1329	1328
938	5	5	1020	1019	3416	2884	2883	2750
939	5	5	3418	3180	2804	2803	3115
940	5	5	1317	1316	367	366	3481
941	5	5	1766	1765	1764	1067	1082	1081	139	138	137
942	5	5	1497	1496	1495	2812	2811	3454	3319	3318
943	5	5	3171	3172	116	115	114	3502	1939	1938	1937	1936	3164	3163
944	5	5	3474	3396	3395	3467	3365	3364	3413
945	5	5	3415	3463	910	909	908
946	5	5	273	272	271	1055	1054	1053	416	415	414	2802
947	5	5	2881	195	194	193	3102	3450
948	5	5	3316	2916	2915	3401	3400	3317
949	5	5	2613	3074	2704	2614
950	5	5	1658	1657	3002	929	928
951	5	5	201	200	354	353
952	5	5	3326	2739	2738	2643	2642	3248	3393
953	5	5	3024	3023	2635	2634	3175
954	5	5	3202	3201	3336	2530	1104	1103	1102
955	5	5	456	455	454	2701	2066	2065	2885
956	5	5	986	985	2817	3500	3182	3181	3417
957	5	5	1211	1220	1219	2639	3018	1605	1604
958	5	5	3429	2698	2697	3345
959	5	5	960	959	2685	3399	2753	2756	3440	3410
960	5	5	2860	3335	3441	3468	3386	2861
961	5	5	1000	999	998	2142	2141	2140	2955	1294	1293	1292
962	5	5	769	768	2917	2916	3316	3315	3380	3352
963	5	5	3503	2869	2868	229	228	227	2093	2092	2091	2090
964	5	5	911	910	3463	2576	210	209
965	5	5	3315	2980	2979	3380
966	5	5	2807	2806	3501	2918
967	5	5	3504	2013	2026	2025	2024	1312	1311	1310	3103	562	561	560	559	558	3276
968	5	5	781	780	779	3324	103	102
969	5	5	1561	1560	3467	3395	2043	2042	2041	2040
970	5	5	1238	1237	1236	2678	2677	265	264	263	262
971	5	5	1218	1217	1216	1095	1094	1093	1300	1299	1298
972	5	5	2407	2406	2405	3471	3470	3047	3046	3497	3283
973	5	5	2393	2392	2391	2390	3138	3140	3505	2846	2845
974	5	5	321	320	1468	1467
975	5	5	3031	3503	2090	2099	2098	2097	2985	3125	3032
976	5	5	975	992	991	990	2542	2541	3349
977	5	5	21	20	19	213	226	225	224	2095	2094	2093	227	239	238	237
978	5	5	995	994	2937	2936	1991	2001	2000	1999
979	5	5	3213	3506	3199	251	250
980	5	5	2870	3109	1692	1691	2866
981	5	5	484	483	3435	3432
982	5	5	2743	1833	1832	3431	3476	2498	2497	2496	1393	1392
983	5	5	3342	616	615	614	1399	1398	1397	3451	3343
984	5	5	1190	1189	1188	2849	2848	52	51
985	5	5	419	418	417	3061	1810	1809	1808
986	5	5	3266	3265	3494	3453	3452	3414
987	5	5	245	244	243	2559	2558	3117	3224
988	5	5	3136	2674	2673	3283	3497	3137
989	5	5	700	699	1979	1978	1977	3434
990	5	5	1178	1177	3374	3373
991	5	5	733	732	3155
992	5	5	1593	1592	2638	638	637
993	5	5	3495	2047	2046	2045	2054	2053	495	494	3310	2651	2650
994	5	5	255	254	2975	679	678
995	5	5	645	644	643	901	900	899	3092
996	5	5	3005	3004	2799	2798
997	5	5	3194	1957	1956	3494	3265
998	5	5	2333	2332	3009	3424	3385	2872	2871	3306
999	5	5	677	676	2993
1000	5	5	3358	3507	3359
1001	5	5	3397	2865	394	393	3355
1002	5	5	1356	1355	1354	428	427	2965
1003	5	5	573	572	3414	3452
1004	5	5	2681	3478	3480	2682
1005	5	5	2592	3177	1879	1878
1006	5	5	1655	1669	1668	1667	405	404	3003
1007	5	5	2932	2482	2492	2491	2794	2454	2453	2452	3145	3279
1008	5	5	1327	1326	1325	2696	1483	1482	1481	3129	3128
1009	5	5	1647	1646	3498	3483
1010	5	5	1443	1442	1441	1440	2161	2173	2172	2171	3317	3400
1011	5	5	3232	3231	364	363	362	361	3301	3257
1012	5	5	1707	1719	1718	3264	953	952	951
1013	5	5	470	469	3353	3371	3308
1014	5	5	1890	1889	1888	1887	582	592	591	590	1741	1740	1751	1750	1305	1304	1303	2611
1015	5	5	2184	2194	2193	3331	3504	3276	3275
1016	5	5	3441	3296	3039	3038	3169	3168	3468
1017	5	5	3135	3134	3399	2685	2676	2675
1018	5	5	1039	1038	1731	1730
1019	5	5	3058	3087	277	276
1020	5	5	382	381	380	1143	1155	1154
1021	5	5	463	462	461	3055	3054	633	632	631	630	3237	2535	2534
1022	5	5	3360	2632	2631	3430	3481	366	365	364	3231	3230
1023	5	5	2024	2023	1302	1313	1312
1024	5	5	1079	1078	3240	3329
1025	5	5	3362	3466	3313	674	673	3267	3363
1026	5	5	2853	3246	2903	2854
1027	5	5	298	297	887	886	3439
1028	5	5	1207	1206	1205	55	54	53	52	2848	1032	1031	1030	1029
1029	5	5	2138	2149	2148	2147	2371	2370	2369	3044	1403	1402	1401	1400	613	612	611	2956
1030	5	5	1898	1909	1908	1907	2578	2800	2687	2686	3144
1031	5	5	3198	3209	2188	2187	2186	2185	1374	1373	1372
1032	5	5	1366	1365	3492	3461
1033	5	5	1387	1386	305	304	3482
1034	5	5	2033	2032	2031	3307	766	765
1035	5	5	2325	2324	2323	980	979	3496	1858	1857	1866	1865	3113	3112	3187
1036	5	5	3042	3130	2746	2745	1717	1716	1715
1037	5	5	2357	2356	3390	3388	3387
1038	5	5	3223	3222	3412	3369
1039	5	5	967	966	965	964	963	3368	760	759	758	2700
1040	5	5	1227	1226	1225	3484	3090	3089
1041	5	5	807	806	2934	2933	2713
1042	5	5	129	128	127	126	2726	1684	1683	1682	1681	1680	3485	1110	1109	1108	3007
1043	5	5	3070	2897	1434	1433	1432	1431	3443	2929	2928	3442
1044	5	5	1870	1869	1868	1867	828	827	2706	2843
1045	5	5	954	953	3264	2757	2581	2195	2201	2200
1046	5	5	685	684	683	3508	3445	3444	3245
1047	5	5	1942	1941	1940	3502	114	113	773	772	2792
1048	5	5	123	122	121	3351	28	27	26	777	776	775
1049	5	5	3008	3118	3121	3425	3424	3009
1050	5	5	1847	1846	1845	1844	1843	933	932	3269
1051	5	5	3506	3272	2974	2973	3199
1052	5	5	1034	1033	2850	3456	3277
1053	5	5	2122	2121	2120	3498	1646	1654	1653	1086	1085	1084
1054	5	5	703	702	3082	3391	2992	2991
1055	5	5	1840	1839	1074	1073
1056	5	5	716	715	727	726	300	299	298	3439	2637
1057	5	5	3135	2675	2674	3136
1058	5	5	3052	3051	3374	1177	1176	1175	2617	2616
1059	5	5	3235	924	923	3006	3072
1060	5	5	1861	1860	1859	1858	3496	3000	1573	1572
1061	5	5	208	207	206	235	234	233	232	2867	1690	1689	1688	1687
1062	5	5	3509	3510	940	939	938	2236	2235	2234	2233	2243	2242	3131	536	535	534	533
1063	5	5	3010	3236	2996	2767	2766	3011
1064	5	5	2662	2661	2799	3004
1065	5	5	2652	2651	3310	3309	878	877	876
1066	5	5	963	962	3411	2135	2134	2133	2132	2131	3511	2508	2507	3368
1067	5	5	3093	3098	3357	836	835	2640	3247	3094
1068	5	5	2113	2112	2111	2110	3143	1848	1847	3269	3268	3287	3286
1069	5	5	799	798	797	2659	2658	3434	1977	1976	1975	1974	3449	1555	1570	1569	3473	3114
1070	5	5	2940	2939	2413	2412	2411	3341
1071	5	5	2596	2159	2158	2157	2156	2155	3491	1619	1618	1617	1616	2827	2826
1072	5	5	1534	1533	1532	2511	2510	2509	2508	3511	2130	2129	2128	3382	3381	3407
1073	5	5	3512	3406	33	32	31	3489
1074	5	5	3490	327	326	3408
1075	5	5	3499	334	333	3361
1076	5	5	3174	516	515	3437
1077	5	5	2977	88	87	3446
1078	5	5	3508	683	682	3273
1079	5	5	3036	941	940	3510
1080	5	5	3509	533	532	531	1409	1408	1407	3459
1081	5	5	2168	3314	2169
1082	5	5	2027	3409	2028
1083	5	5	1531	2512	2511	1532
1084	5	5	1951	3319	3454	1952
1085	5	5	2130	3511	2131
1086	5	5	1964	2604	1965
1087	5	5	2404	3367	3366	1352	1351	3469	3472	3471	2405
1088	5	5	903	3045	904
1089	5	5	1694	3111	1695
1090	5	5	229	2868	230
1091	5	5	18	3338	214	213	19
1092	5	5	120	3351	121
1093	5	5	1240	2896	1241
1094	5	5	838	2893	839
1095	5	5	841	2892	842
1096	5	5	1387	3482	3356	1388
1097	5	5	1833	2743	2742	1835	1834
1098	5	5	150	3457	1562	1561	2040	2039	2038	151
1099	5	5	1555	3449	1556
1100	5	5	1422	2966	1423
1101	5	5	1417	3243	1419	1418
1102	5	5	371	1203	1202	1201	3299	2088	2087	2086	359	372
1103	5	5	1207	1029	1028	1208
1104	5	5	2454	2794	2793	2455
1105	5	5	786	2962	787
1106	5	5	1939	3502	1940
1107	5	5	2154	2551	3491	2155
1108	5	5	1333	2830	1334
1109	5	5	2205	2731	1779	1778	3290	3464	2206
1110	5	5	1921	2829	1922
1111	5	5	1181	3426	1182
1112	5	5	1174	2617	1175
1113	5	5	2013	3504	3331	2014
1114	5	5	2016	3212	3211	2018	2017
1115	5	5	2272	3161	3160	2273
1116	5	5	2048	1527	1526	1525	3465	2049
1117	5	5	1528	3495	2650	1529
1118	5	5	1521	2809	2808	1522
1119	5	5	2285	3150	2286
1120	5	5	2325	3187	2326
1121	5	5	1480	2878	3129	1481
1122	5	5	82	43	42	83
1123	5	5	76	648	647	77
1124	5	5	1622	3285	3334	1623
1125	5	5	1637	3487	3486	399	398	397	2864	1049	1048	1639	1638
1126	5	5	1124	2874	3462	1125
1127	5	5	1114	3479	1115
1128	5	5	1119	3256	3354	3305	1120
1129	5	5	1890	2611	1891
1130	5	5	588	1454	1453	589
1131	5	5	2247	2844	2248
1132	5	5	1745	2888	1746
1133	5	5	1872	2842	2880	1873
1134	5	5	1898	3144	1899
1135	5	5	1803	3185	1804
1136	5	5	1988	949	948	3142	1989
1137	5	5	1276	2641	1277
1138	5	5	1589	3084	1590
1139	5	5	2339	3271	2340
1140	5	5	2468	3081	2838	2837	2469
1141	5	5	937	2237	2236	938
1142	5	5	1430	3443	1431
1143	5	5	1163	2670	2976	1164
1144	5	5	1152	1995	1994	1153
1145	5	5	1000	1292	1291	1001
1146	5	5	2138	2956	2139
1147	5	5	616	3342	617
1148	5	5	1600	2841	2840	1601
1149	5	5	1232	3153	1233
1150	5	5	1100	3202	1102	1101
1151	5	5	1107	3007	1108
1152	5	5	2393	2845	2394
1153	5	5	1881	2930	1883	1882
